PS C:\Users\styll\OneDrive\Desktop\ML_ex3\src> python .\bert.py bbc -a True -lr 2e-5 -e 5 -s 768 -d 0.1

[nltk_data] Downloading package punkt to
[nltk_data]     C:\Users\styll\AppData\Roaming\nltk_data...
[nltk_data]   Package punkt is already up-to-date!
[nltk_data] Downloading package wordnet to
[nltk_data]     C:\Users\styll\AppData\Roaming\nltk_data...
[nltk_data]   Package wordnet is already up-to-date!
[nltk_data] Downloading package stopwords to
[nltk_data]     C:\Users\styll\AppData\Roaming\nltk_data...
[nltk_data]   Package stopwords is already up-to-date!

Some weights of the model checkpoint at bert-base-uncased were not used when initializing BertModel: ['cls.predictions.transform.LayerNorm.weight', 'cls.predictions.bias', 'cls.seq_relationship.weight', 'cls.predictions.transform.dense.weight', 'cls.seq_relationship.bias', 'cls.predictions.transform.LayerNorm.bias', 'cls.predictions.transform.dense.bias']
- This IS expected if you are initializing BertModel from the checkpoint of a model trained on another task or with another architecture (e.g. initializing a BertForSequenceClassification model from a BertForPreTraining model).
- This IS NOT expected if you are initializing BertModel from the checkpoint of a model that you expect to be exactly identical (initializing a BertForSequenceClassification model from a BertForSequenceClassification model).

sport            511
business         510
politics         417
tech             401
entertainment    386
Name: category, dtype: int64
sport            511
business         511
tech             511
politics         511
entertainment    511
Name: category, dtype: int64

{'sport': 3, 'business': 0, 'tech': 4, 'politics': 2, 'entertainment': 1}

  category                                               text  label
0    sport  preview : ireland v england ( sun ) lansdowne ...      3
1    sport  agassi fear melbourne andre agassi involvement...      3
2    sport  greek pair set hearing kostas kenteris katerin...      3
3    sport  lewis-francis turns christie mark lewis-franci...      3
4    sport  angry williams rejects criticism serena willia...      3

Initializing Tokenizer...

Some weights of the model checkpoint at bert-base-uncased were not used when initializing BertModel: ['cls.predictions.transform.LayerNorm.weight', 'cls.predictions.bias', 'cls.seq_relationship.weight', 'cls.predictions.transform.dense.weight', 'cls.seq_relationship.bias', 'cls.predictions.transform.LayerNorm.bias', 'cls.predictions.transform.dense.bias']
- This IS expected if you are initializing BertModel from the checkpoint of a model trained on another task or with another architecture (e.g. initializing a BertForSequenceClassification model from a BertForPreTraining model).
- This IS NOT expected if you are initializing BertModel from the checkpoint of a model that you expect to be exactly identical (initializing a BertForSequenceClassification model from a BertForSequenceClassification model).

2044 2044
511 511

100%|██████████████████████████████████████████████████████████████████████████████████████████████████████████████████████████████████████████████████████████████████████████████████████████████████████████████████████████████████████████████████| 64/64 [36:28<00:00, 34.20s/it]


----------------------------TRAIN----------------------------

[[478   0  12   4  17]
 [  0   0   0   0   0]
 [ 68   1 383  10  49]
 [ 16   0   1 486   8]
 [ 55   2   7   5 442]]
              precision    recall  f1-score   support

           0       0.77      0.94      0.85       511
           1       0.00      0.00      0.00         0
           2       0.95      0.75      0.84       511
           3       0.96      0.95      0.96       511
           4       0.86      0.86      0.86       511

    accuracy                           0.88      2044
   macro avg       0.71      0.70      0.70      2044
weighted avg       0.89      0.88      0.88      2044


ground truth: [2, 2, 4, 4, 0, 3, 2, 4, 4, 4, 0, 2, 2, 4, 2, 0, 0, 3, 3, 3, 2, 4, 0, 0, 3, 0, 4, 2, 0, 3, 4, 2, 4, 2, 2, 2, 4, 0, 4, 0, 3, 2, 4, 0, 3, 4, 2, 4, 2, 4, 2, 0, 2, 3, 2, 0, 2, 0, 3, 4, 2, 4, 3, 0, 0, 3, 4, 4, 0, 4, 0, 3, 2, 2, 0, 0, 2, 2, 3, 0, 2, 0, 3, 2, 3, 0, 3, 0, 4, 0, 3, 0, 0, 0, 3, 2, 0, 4, 4, 2, 2, 2, 2, 0, 0, 4, 4, 0, 4, 2, 0, 4, 0, 0, 0, 2, 3, 3, 3, 0, 0, 0, 0, 2, 0, 0, 4, 0, 2, 3, 2, 3, 2, 2, 3, 4, 2, 4, 4, 2, 0, 2, 4, 4, 2, 0, 4, 2, 3, 4, 4, 4, 2, 2, 4, 3, 2, 4, 0, 0, 4, 4, 0, 4, 4, 2, 2, 3, 2, 3, 3, 3, 4, 4, 2, 4, 3, 3, 0, 4, 0, 4, 4, 0, 2, 0, 4, 2, 0, 3, 2, 3, 3, 2, 3, 4, 2, 2, 2, 0, 3, 0, 0, 0, 4, 2, 4, 0, 0, 0, 3, 0, 0, 0, 2, 0, 2, 0, 0, 3, 4, 0, 4, 2, 3, 0, 4, 2, 3, 4, 0, 4, 2, 0, 3, 0, 0, 0, 2, 4, 2, 2, 2, 3, 4, 3, 2, 4, 4, 4, 2, 4, 4, 4, 4, 2, 3, 3, 3, 0, 2, 3, 3, 0, 0, 4, 2, 0, 3, 4, 3, 0, 2, 3, 0, 4, 0, 4, 4, 0, 3, 3, 2, 4, 4, 2, 3, 4, 0, 0, 4, 3, 4, 3, 2, 4, 3, 4, 2, 4, 4, 3, 3, 4, 3, 4, 4, 3, 4, 3, 0, 2, 0, 0, 2, 2, 3, 0, 0, 2, 0, 4, 4, 2, 3, 3, 0, 4, 3, 4, 0, 4, 4, 2, 3, 3, 2, 2, 0, 2, 2, 0, 3, 2, 0, 4, 3, 4, 0, 4, 3, 3, 4, 2, 4, 3, 3, 4, 2, 4, 2, 4, 0, 4, 2, 2, 2, 0, 4, 0, 0, 2, 3, 4, 3, 0, 3, 2, 3, 4, 3, 0, 0, 2, 3, 2, 3, 4, 2, 0, 3, 0, 0, 4, 3, 3, 2, 0, 0, 3, 3, 0, 2, 3, 4, 2, 3, 3, 2, 4, 0, 2, 3, 0, 2, 0, 0, 4, 2, 3, 0, 0, 0, 0, 3, 4, 2, 2, 3, 2, 3, 0, 4, 3, 3, 2, 2, 2, 2, 4, 4, 3, 4, 3, 2, 4, 3, 4, 4, 3, 2, 4, 4, 3, 0, 3, 4, 4, 0, 4, 4, 3, 4, 0, 3, 3, 0, 3, 0, 0, 3, 2, 0, 0, 4, 4, 2, 0, 3, 0, 0, 4, 0, 3, 3, 3, 0, 0, 3, 2, 2, 2, 2, 4, 3, 2, 4, 2, 4, 3, 2, 2, 2, 3, 0, 4, 4, 3, 3, 3, 2, 0, 2, 4, 4, 2, 3, 3, 2, 2, 0, 3, 3, 3, 2, 4, 0, 0, 0, 3, 0, 3, 0, 2, 4, 3, 2, 0, 4, 2, 3, 0, 2, 4, 4, 3, 3, 4, 2, 4, 2, 0, 0, 2, 2, 0, 4, 3, 2, 4, 4, 0, 3, 3, 3, 0, 0, 3, 4, 0, 3, 0, 4, 0, 0, 4, 2, 4, 0, 3, 4, 2, 0, 3, 0, 2, 0, 2, 0, 3, 4, 4, 3, 3, 2, 4, 3, 4, 4, 2, 0, 3, 0, 2, 3, 0, 3, 4, 4, 3, 4, 4, 3, 3, 4, 3, 3, 3, 4, 3, 0, 3, 0, 2, 4, 2, 2, 4, 0, 3, 4, 0, 3, 3, 3, 2, 4, 0, 0, 3, 4, 2, 4, 4, 3, 3, 3, 4, 3, 4, 4, 0, 2, 3, 0, 2, 4, 0, 0, 2, 3, 2, 0, 2, 0, 2, 4, 2, 3, 2, 3, 0, 0, 3, 3, 3, 0, 0, 0, 0, 4, 4, 2, 3, 4, 3, 4, 3, 0, 2, 4, 2, 3, 0, 0, 0, 4, 4, 3, 2, 3, 4, 4, 0, 4, 4, 2, 3, 2, 2, 4, 3, 3, 0, 4, 3, 0, 4, 4, 2, 0, 3, 0, 3, 3, 0, 0, 2, 2, 2, 0, 4, 0, 0, 2, 0, 3, 0, 4, 0, 2, 0, 2, 3, 3, 2, 2, 2, 0, 3, 2, 4, 3, 3, 4, 2, 3, 0, 0, 3, 2, 0, 2, 2, 2, 3, 3, 0, 4, 4, 4, 3, 0, 3, 4, 2, 0, 2, 0, 2, 3, 4, 4, 3, 4, 3, 2, 0, 2, 4, 0, 3, 0, 0, 2, 3, 0, 4, 0, 0, 3, 0, 0, 0, 0, 4, 4, 2, 3, 2, 3, 2, 0, 2, 2, 2, 4, 0, 0, 4, 3, 3, 4, 4, 4, 0, 3, 0, 3, 0, 3, 2, 4, 4, 2, 3, 2, 0, 2, 3, 2, 4, 3, 0, 4, 2, 3, 3, 0, 3, 3, 4, 0, 2, 4, 0, 3, 3, 4, 4, 3, 3, 4, 3, 2, 3, 3, 4, 4, 0, 0, 0, 2, 0, 2, 3, 3, 3, 2, 2, 4, 4, 4, 4, 4, 0, 2, 3, 4, 4, 3, 3, 4, 2, 3, 2, 4, 3, 3, 0, 4, 0, 4, 2, 0, 0, 4, 2, 3, 0, 4, 2, 2, 3, 3, 4, 2, 0, 4, 3, 4, 2, 0, 0, 3, 4, 2, 0, 3, 4, 4, 2, 2, 2, 2, 4, 3, 2, 4, 0, 2, 4, 0, 4, 3, 0, 0, 0, 3, 0, 4, 2, 4, 3, 4, 2, 3, 2, 2, 3, 4, 3, 3, 2, 2, 4, 4, 2, 2, 4, 0, 4, 3, 0, 0, 4, 3, 4, 4, 2, 2, 0, 0, 0, 0, 3, 2, 2, 0, 2, 2, 2, 0, 4, 3, 4, 4, 0, 2, 0, 0, 4, 0, 2, 4, 3, 4, 0, 3, 4, 4, 0, 4, 2, 0, 3, 4, 4, 0, 4, 2, 4, 2, 0, 0, 0, 4, 2, 3, 3, 3, 3, 4, 0, 3, 2, 4, 4, 3, 4, 2, 2, 2, 3, 2, 4, 3, 3, 0, 0, 4, 2, 2, 3, 0, 2, 2, 4, 2, 2, 4, 0, 0, 3, 3, 3, 0, 4, 2, 2, 4, 4, 0, 3, 3, 2, 0, 2, 0, 3, 0, 4, 4, 4, 3, 3, 2, 4, 4, 2, 4, 3, 0, 0, 2, 3, 0, 3, 2, 4, 0, 3, 3, 0, 2, 2, 4, 4, 3, 0, 2, 4, 4, 2, 0, 2, 0, 3, 2, 3, 2, 0, 4, 4, 0, 4, 3, 3, 3, 4, 2, 0, 3, 4, 3, 4, 0, 0, 2, 4, 2, 2, 4, 2, 4, 0, 2, 2, 0, 4, 3, 2, 4, 2, 0, 3, 0, 2, 3, 4, 0, 3, 4, 0, 0, 0, 0, 0, 3, 3, 0, 4, 2, 0, 0, 3, 3, 3, 4, 2, 4, 3, 4, 2, 0, 3, 2, 3, 3, 2, 2, 4, 0, 2, 4, 3, 3, 3, 2, 0, 3, 3, 2, 2, 2, 2, 3, 4, 3, 3, 4, 2, 4, 2, 4, 3, 3, 2, 3, 3, 3, 3, 4, 0, 4, 4, 4, 0, 3, 3, 4, 2, 0, 0, 2, 3, 3, 3, 2, 0, 0, 0, 4, 2, 0, 3, 0, 2, 0, 0, 0, 2, 4, 4, 2, 4, 2, 3, 2, 2, 2, 4, 4, 0, 3, 4, 2, 3, 2, 0, 0, 0, 2, 3, 3, 2, 0, 2, 3, 4, 0, 3, 3, 2, 0, 2, 0, 4, 3, 3, 0, 2, 2, 0, 2, 0, 2, 0, 2, 2, 3, 4, 3, 3, 2, 4, 0, 0, 0, 3, 2, 4, 4, 4, 0, 0, 4, 0, 4, 4, 3, 3, 3, 0, 2, 3, 0, 2, 3, 0, 4, 2, 4, 0, 2, 2, 2, 4, 3, 2, 3, 4, 3, 3, 2, 2, 2, 3, 3, 3, 3, 3, 2, 3, 2, 4, 2, 4, 4, 3, 2, 4, 2, 2, 0, 2, 3, 2, 4, 4, 0, 4, 2, 3, 4, 3, 3, 2, 3, 0, 0, 4, 3, 3, 3, 0, 3, 3, 0, 4, 0, 3, 4, 2, 0, 2, 4, 2, 4, 2, 3, 3, 0, 4, 2, 2, 4, 3, 4, 0, 2, 4, 3, 0, 2, 2, 3, 3, 2, 2, 4, 0, 0, 4, 2, 0, 4, 4, 3, 0, 0, 0, 3, 0, 2, 4, 3, 3, 3, 2, 0, 4, 0, 4, 2, 2, 4, 4, 3, 0, 0, 0, 0, 2, 2, 4, 0, 3, 3, 4, 2, 3, 2, 4, 3, 4, 2, 0, 4, 4, 0, 3, 3, 0, 3, 2, 3, 2, 0, 2, 3, 4, 4, 2, 2, 0, 4, 0, 4, 3, 3, 2, 2, 3, 0, 2, 3, 4, 2, 2, 2, 4, 4, 2, 0, 2, 0, 2, 4, 0, 2, 3, 4, 0, 3, 3, 4, 0, 2, 3, 3, 2, 4, 0, 3, 4, 3, 0, 2, 2, 4, 2, 3, 0, 2, 0, 0, 3, 4, 2, 2, 2, 0, 3, 0, 2, 4, 0, 0, 4, 0, 4, 0, 2, 2, 4, 3, 2, 0, 0, 3, 0, 3, 4, 0, 4, 4, 3, 3, 4, 4, 3, 2, 3, 0, 2, 4, 4, 0, 2, 3, 3, 0, 3, 4, 4, 2, 4, 3, 2, 3, 0, 4, 0, 4, 4, 2, 4, 3, 2, 0, 2, 2, 3, 3, 3, 2, 0, 3, 2, 3, 2, 3, 2, 2, 3, 3, 4, 3, 4, 4, 2, 3, 4, 0, 2, 0, 4, 3, 2, 4, 2, 3, 4, 4, 2, 3, 3, 0, 4, 4, 0, 3, 2, 2, 0, 0, 3, 2, 3, 0, 0, 4, 0, 3, 3, 0, 2, 0, 3, 4, 3, 4, 4, 2, 0, 2, 4, 2, 3, 4, 0, 0, 2, 4, 0, 0, 3, 0, 0, 3, 0, 0, 4, 0, 3, 2, 3, 4, 0, 0, 2, 3, 0, 3, 4, 4, 3, 3, 0, 3, 4, 4, 3, 0, 3, 2, 0, 2, 4, 0, 4, 4, 2, 0, 2, 3, 2, 3, 0, 2, 3, 2, 3, 4, 3, 4, 0, 0, 3, 2, 4, 0, 2, 0, 4, 0, 4, 2, 4, 3, 2, 2, 3, 0, 4, 2, 0, 3, 3, 0, 2, 2, 4, 0, 4, 0, 0, 0, 0, 4, 0, 3, 4, 2, 4, 3, 4, 2, 4, 3, 0, 4, 4, 4, 2, 0, 0, 4, 4, 2, 3, 0, 3, 4, 0, 4, 0, 3, 2, 3, 2, 3, 4, 4, 4, 3, 4, 3, 0, 4, 3, 0, 2, 3, 3, 0, 4, 2, 3, 2, 3, 4, 2, 3, 4, 3, 2, 0, 3, 0, 0, 2, 2, 4, 4, 3, 4, 0, 2, 3, 3, 4, 2, 2, 2, 4, 4, 4, 2, 2, 3, 2, 0, 0, 3, 0, 2, 3, 3, 0, 0, 3, 2, 0, 3, 0, 2, 0, 2, 3, 3, 3, 2, 4, 2, 2, 3, 3, 2, 4, 3, 3, 2, 4, 3, 4, 2, 0, 0, 4, 4, 3, 4, 2, 0, 3, 3, 4, 2, 0, 4, 4, 3, 2, 0, 2, 2, 2, 0, 3, 4, 4, 0, 0, 2, 4, 0, 2, 0, 4, 0, 3, 3, 3, 3, 4, 2, 0, 2, 0, 3, 2, 2, 2, 3, 2, 4, 2, 2, 4, 0, 4, 4, 2, 0, 4, 4, 0, 4, 2, 4, 2, 2, 0, 2, 4, 3, 3, 4, 3, 0, 2, 0, 2, 4, 0, 4, 4, 2, 4, 3, 3, 2, 4, 2, 3, 2, 4, 3, 4, 2, 0, 4, 2, 2, 4, 0, 2, 0, 0, 2, 3, 0, 2, 2, 3, 0, 0, 2, 3, 4, 2, 2, 3, 0, 2, 2, 4, 4, 0, 3, 0, 0, 0, 4, 0, 2, 0, 0, 0, 4, 4, 4, 2, 0, 3, 4, 3, 2, 0, 3, 2, 0, 0, 0, 2, 4, 4, 2, 0, 0, 4, 3, 0, 0, 3, 4, 0, 4, 2, 0, 0, 4]
prediction:   [0, 0, 0, 3, 3, 0, 3, 0, 3, 0, 0, 3, 3, 0, 0, 3, 0, 3, 0, 3, 0, 0, 0, 3, 3, 0, 3, 3, 0, 0, 3, 0, 0, 0, 0, 0, 0, 0, 0, 0, 0, 3, 0, 0, 3, 0, 0, 0, 0, 0, 0, 0, 0, 0, 0, 0, 0, 0, 0, 0, 0, 0, 0, 0, 0, 3, 0, 0, 0, 0, 0, 0, 0, 0, 0, 0, 0, 0, 3, 0, 0, 0, 3, 0, 3, 0, 0, 0, 0, 0, 0, 0, 0, 0, 3, 0, 0, 0, 0, 0, 0, 0, 0, 0, 0, 0, 0, 0, 0, 0, 0, 0, 0, 0, 0, 0, 3, 3, 3, 0, 0, 0, 0, 0, 0, 0, 0, 0, 0, 3, 0, 3, 4, 0, 0, 4, 0, 0, 4, 0, 0, 0, 0, 4, 0, 0, 0, 0, 0, 0, 1, 4, 0, 0, 0, 0, 0, 0, 0, 4, 2, 4, 0, 4, 4, 0, 2, 4, 1, 0, 4, 0, 4, 0, 2, 4, 4, 3, 0, 4, 0, 2, 1, 0, 2, 0, 0, 4, 0, 3, 4, 3, 3, 4, 4, 0, 2, 2, 4, 0, 4, 0, 0, 0, 2, 4, 4, 0, 0, 2, 4, 4, 4, 0, 4, 0, 4, 0, 2, 4, 2, 0, 4, 4, 3, 0, 0, 0, 3, 4, 0, 0, 0, 0, 3, 0, 0, 0, 0, 4, 0, 3, 0, 3, 4, 3, 4, 0, 0, 4, 3, 0, 3, 0, 4, 0, 3, 3, 3, 0, 0, 3, 3, 0, 0, 4, 0, 0, 3, 4, 3, 0, 4, 3, 0, 0, 0, 4, 4, 0, 3, 3, 2, 2, 4, 4, 2, 4, 0, 0, 4, 3, 4, 3, 2, 4, 3, 0, 0, 4, 4, 3, 3, 0, 3, 4, 4, 3, 4, 3, 0, 3, 0, 0, 0, 0, 3, 0, 0, 2, 0, 4, 4, 4, 3, 3, 0, 0, 3, 4, 0, 0, 4, 4, 3, 3, 4, 0, 0, 4, 0, 0, 3, 4, 0, 4, 3, 4, 0, 4, 3, 3, 4, 4, 4, 3, 3, 4, 4, 4, 4, 4, 0, 4, 4, 4, 4, 0, 4, 0, 0, 4, 3, 0, 3, 0, 3, 4, 3, 4, 3, 0, 0, 2, 3, 4, 3, 4, 2, 4, 3, 4, 0, 4, 3, 3, 4, 0, 0, 3, 3, 4, 4, 3, 4, 2, 3, 3, 4, 2, 0, 4, 3, 2, 2, 0, 0, 4, 2, 3, 0, 0, 4, 0, 3, 4, 2, 4, 3, 4, 3, 0, 4, 3, 3, 4, 0, 4, 2, 4, 4, 3, 4, 3, 2, 4, 3, 4, 4, 3, 2, 4, 4, 3, 4, 3, 0, 0, 0, 4, 4, 3, 4, 4, 3, 3, 0, 3, 0, 0, 3, 0, 0, 0, 4, 4, 2, 0, 3, 0, 0, 4, 0, 3, 3, 3, 0, 0, 3, 4, 2, 2, 2, 4, 3, 0, 4, 2, 0, 3, 4, 2, 2, 3, 0, 4, 4, 3, 3, 3, 2, 0, 0, 4, 4, 2, 3, 3, 2, 2, 0, 3, 3, 3, 2, 4, 0, 0, 0, 3, 0, 3, 0, 2, 4, 3, 0, 0, 4, 2, 3, 0, 2, 4, 4, 3, 3, 4, 2, 4, 0, 0, 0, 2, 2, 0, 4, 3, 4, 4, 4, 0, 3, 3, 3, 0, 0, 3, 4, 0, 3, 0, 4, 0, 0, 4, 2, 4, 0, 3, 0, 2, 0, 3, 0, 2, 0, 2, 0, 3, 4, 4, 3, 3, 0, 0, 3, 4, 4, 2, 0, 3, 0, 2, 3, 0, 3, 4, 4, 3, 4, 4, 4, 3, 4, 3, 3, 3, 4, 3, 0, 3, 0, 2, 4, 2, 2, 4, 0, 3, 4, 0, 3, 3, 3, 4, 4, 0, 0, 3, 4, 2, 4, 4, 3, 3, 3, 4, 3, 4, 4, 0, 2, 3, 0, 2, 4, 0, 0, 2, 3, 4, 0, 4, 0, 2, 0, 2, 3, 2, 3, 0, 0, 3, 3, 3, 0, 0, 4, 0, 4, 4, 4, 3, 4, 3, 4, 3, 0, 2, 4, 2, 3, 0, 0, 0, 4, 4, 3, 2, 3, 4, 4, 0, 4, 4, 0, 3, 4, 2, 4, 3, 3, 0, 4, 3, 0, 4, 4, 2, 0, 3, 0, 3, 3, 0, 0, 2, 2, 2, 0, 4, 0, 4, 2, 0, 3, 0, 4, 0, 2, 0, 3, 3, 3, 2, 2, 2, 0, 3, 2, 4, 3, 3, 4, 2, 3, 0, 3, 3, 2, 0, 4, 4, 4, 3, 3, 0, 4, 4, 4, 3, 0, 3, 4, 2, 0, 2, 0, 2, 3, 4, 4, 3, 4, 3, 2, 0, 2, 4, 0, 3, 0, 0, 2, 3, 0, 4, 0, 0, 3, 0, 0, 0, 0, 4, 4, 2, 3, 2, 3, 2, 0, 2, 2, 2, 4, 0, 0, 4, 3, 3, 4, 4, 4, 0, 3, 0, 3, 0, 3, 2, 4, 4, 2, 3, 2, 0, 2, 3, 2, 4, 3, 0, 4, 3, 3, 3, 0, 3, 3, 4, 0, 2, 0, 0, 3, 3, 4, 4, 3, 3, 4, 3, 2, 3, 3, 4, 4, 0, 0, 0, 2, 0, 2, 3, 3, 3, 2, 2, 4, 4, 4, 4, 4, 0, 2, 3, 4, 4, 3, 3, 0, 2, 3, 2, 4, 3, 3, 0, 4, 0, 4, 2, 4, 0, 4, 2, 3, 0, 4, 2, 2, 3, 3, 4, 0, 0, 4, 3, 4, 2, 2, 0, 3, 4, 2, 0, 3, 4, 4, 2, 2, 2, 2, 4, 3, 2, 4, 0, 2, 4, 0, 4, 3, 0, 0, 0, 3, 0, 4, 2, 4, 3, 2, 2, 3, 4, 2, 3, 4, 3, 3, 2, 2, 4, 4, 2, 2, 4, 0, 4, 3, 0, 0, 4, 3, 4, 4, 2, 2, 0, 0, 0, 0, 3, 2, 2, 0, 2, 2, 2, 0, 4, 3, 4, 4, 0, 4, 0, 0, 4, 0, 2, 4, 3, 4, 4, 3, 4, 4, 0, 4, 2, 0, 3, 4, 4, 0, 4, 2, 4, 2, 0, 0, 0, 4, 2, 3, 3, 3, 3, 4, 0, 3, 2, 4, 4, 3, 4, 2, 2, 2, 3, 2, 4, 3, 3, 0, 0, 4, 2, 2, 3, 0, 0, 4, 4, 2, 2, 4, 0, 0, 3, 3, 3, 0, 4, 2, 2, 4, 4, 0, 3, 3, 2, 0, 2, 0, 3, 0, 0, 4, 4, 3, 3, 2, 4, 4, 4, 4, 3, 0, 0, 2, 3, 0, 3, 2, 4, 0, 3, 3, 0, 2, 2, 4, 4, 3, 0, 2, 4, 4, 2, 0, 2, 0, 3, 2, 3, 2, 0, 4, 4, 4, 4, 3, 3, 3, 4, 2, 0, 3, 4, 3, 4, 0, 0, 2, 4, 2, 2, 4, 2, 4, 0, 2, 2, 0, 4, 3, 2, 4, 2, 0, 3, 0, 2, 3, 4, 0, 3, 4, 2, 0, 0, 0, 2, 3, 3, 0, 4, 2, 0, 0, 3, 3, 3, 4, 2, 4, 3, 4, 2, 2, 3, 2, 3, 3, 2, 2, 4, 2, 2, 4, 3, 3, 3, 2, 0, 3, 3, 2, 2, 2, 2, 3, 4, 3, 3, 4, 2, 4, 2, 4, 3, 3, 2, 3, 3, 3, 3, 4, 2, 4, 4, 4, 0, 3, 3, 4, 2, 0, 0, 2, 3, 3, 3, 2, 0, 0, 0, 4, 2, 0, 3, 0, 2, 0, 0, 0, 2, 4, 4, 2, 4, 2, 3, 2, 2, 2, 4, 4, 0, 3, 4, 2, 3, 2, 0, 0, 0, 2, 3, 3, 2, 0, 2, 3, 4, 0, 3, 3, 2, 0, 2, 0, 4, 3, 3, 0, 0, 2, 0, 2, 0, 2, 4, 2, 2, 3, 4, 3, 3, 2, 4, 0, 0, 0, 3, 2, 4, 4, 4, 0, 0, 4, 0, 4, 4, 3, 3, 3, 0, 2, 3, 0, 2, 3, 0, 4, 2, 4, 0, 2, 2, 2, 4, 3, 2, 3, 4, 3, 3, 2, 2, 2, 3, 3, 3, 3, 3, 2, 3, 2, 4, 2, 4, 4, 3, 2, 4, 2, 2, 0, 2, 3, 0, 4, 4, 0, 4, 2, 3, 4, 3, 3, 2, 3, 0, 0, 4, 3, 3, 3, 0, 3, 3, 0, 4, 0, 3, 4, 2, 0, 2, 4, 2, 4, 2, 3, 3, 0, 4, 2, 2, 4, 3, 4, 0, 2, 4, 3, 0, 2, 2, 3, 3, 2, 2, 4, 0, 0, 4, 2, 0, 4, 4, 3, 0, 0, 0, 3, 0, 2, 4, 3, 3, 3, 2, 0, 4, 0, 4, 2, 2, 4, 4, 3, 0, 0, 0, 0, 2, 2, 4, 0, 3, 3, 4, 2, 3, 2, 4, 3, 4, 2, 0, 4, 4, 0, 3, 3, 0, 3, 2, 3, 2, 0, 2, 3, 4, 4, 2, 2, 0, 4, 0, 4, 3, 3, 2, 2, 3, 0, 2, 3, 4, 2, 2, 2, 4, 4, 2, 0, 2, 0, 2, 4, 0, 2, 3, 4, 0, 3, 3, 4, 4, 2, 3, 3, 2, 4, 0, 3, 4, 3, 0, 2, 2, 4, 2, 3, 0, 2, 0, 0, 3, 4, 2, 2, 2, 0, 3, 0, 2, 4, 0, 0, 4, 0, 4, 0, 2, 2, 4, 3, 2, 0, 2, 3, 0, 3, 4, 0, 4, 4, 3, 3, 4, 4, 3, 2, 3, 0, 2, 4, 4, 0, 2, 3, 3, 0, 3, 4, 4, 2, 4, 3, 2, 3, 0, 4, 0, 4, 4, 2, 4, 3, 2, 0, 2, 2, 3, 3, 3, 2, 0, 3, 2, 3, 2, 3, 2, 2, 3, 3, 4, 3, 4, 4, 2, 3, 4, 0, 2, 0, 4, 3, 2, 4, 2, 3, 4, 4, 2, 3, 3, 0, 4, 4, 0, 3, 2, 2, 0, 0, 3, 2, 3, 0, 0, 4, 0, 3, 3, 0, 2, 0, 3, 4, 3, 4, 4, 2, 0, 2, 4, 2, 3, 4, 0, 0, 2, 4, 0, 0, 3, 0, 0, 3, 0, 0, 4, 0, 3, 2, 3, 4, 0, 0, 2, 3, 0, 3, 4, 4, 3, 3, 0, 3, 4, 4, 3, 0, 3, 2, 0, 2, 4, 0, 4, 4, 2, 0, 2, 3, 2, 3, 0, 2, 3, 2, 3, 4, 3, 4, 4, 0, 3, 2, 4, 0, 2, 0, 4, 0, 4, 2, 4, 3, 2, 2, 3, 0, 4, 2, 0, 3, 3, 0, 2, 2, 4, 0, 4, 0, 0, 0, 0, 4, 0, 3, 4, 2, 4, 3, 4, 2, 4, 3, 0, 4, 4, 4, 2, 0, 0, 4, 4, 2, 3, 0, 3, 4, 2, 4, 0, 3, 2, 3, 2, 3, 4, 4, 4, 3, 4, 3, 0, 4, 3, 0, 2, 3, 3, 0, 4, 2, 3, 2, 3, 4, 2, 3, 4, 3, 2, 0, 3, 0, 0, 2, 2, 4, 4, 3, 4, 0, 2, 3, 3, 4, 2, 2, 2, 4, 4, 4, 2, 2, 3, 2, 0, 0, 3, 0, 2, 3, 3, 0, 0, 3, 0, 0, 3, 0, 2, 0, 2, 3, 3, 3, 2, 4, 2, 2, 3, 3, 2, 4, 3, 3, 2, 4, 3, 4, 2, 0, 0, 4, 4, 3, 4, 2, 0, 3, 3, 4, 2, 0, 4, 4, 3, 2, 0, 2, 2, 2, 0, 3, 4, 4, 0, 0, 2, 4, 0, 2, 0, 4, 0, 3, 3, 3, 3, 4, 2, 0, 2, 0, 0, 2, 2, 2, 3, 2, 4, 2, 2, 4, 0, 4, 4, 2, 0, 4, 4, 0, 4, 2, 4, 2, 2, 0, 2, 4, 3, 3, 4, 3, 0, 2, 0, 2, 4, 0, 4, 4, 2, 4, 3, 3, 2, 4, 2, 3, 2, 4, 3, 4, 2, 0, 4, 2, 2, 4, 0, 2, 0, 0, 2, 3, 2, 2, 2, 3, 0, 0, 2, 3, 4, 2, 2, 3, 0, 2, 2, 4, 4, 0, 3, 0, 0, 0, 4, 0, 2, 0, 0, 0, 4, 4, 4, 2, 0, 3, 4, 3, 2, 0, 3, 2, 0, 0, 0, 0, 4, 4, 2, 0, 0, 4, 3, 0, 0, 3, 4, 0, 4, 2, 0, 0, 4]

----------------------------TRAIN----------------------------


----------------------------TEST----------------------------

[[  0   0   0   0   0]
 [ 48   0 143 151 169]
 [  0   0   0   0   0]
 [  0   0   0   0   0]
 [  0   0   0   0   0]]
              precision    recall  f1-score   support

           0       0.00      0.00      0.00       0.0
           1       0.00      0.00      0.00     511.0
           2       0.00      0.00      0.00       0.0
           3       0.00      0.00      0.00       0.0
           4       0.00      0.00      0.00       0.0

    accuracy                           0.00     511.0
   macro avg       0.00      0.00      0.00     511.0
weighted avg       0.00      0.00      0.00     511.0


ground truth: [1, 1, 1, 1, 1, 1, 1, 1, 1, 1, 1, 1, 1, 1, 1, 1, 1, 1, 1, 1, 1, 1, 1, 1, 1, 1, 1, 1, 1, 1, 1, 1, 1, 1, 1, 1, 1, 1, 1, 1, 1, 1, 1, 1, 1, 1, 1, 1, 1, 1, 1, 1, 1, 1, 1, 1, 1, 1, 1, 1, 1, 1, 1, 1, 1, 1, 1, 1, 1, 1, 1, 1, 1, 1, 1, 1, 1, 1, 1, 1, 1, 1, 1, 1, 1, 1, 1, 1, 1, 1, 1, 1, 1, 1, 1, 1, 1, 1, 1, 1, 1, 1, 1, 1, 1, 1, 1, 1, 1, 1, 1, 1, 1, 1, 1, 1, 1, 1, 1, 1, 1, 1, 1, 1, 1, 1, 1, 1, 1, 1, 1, 1, 1, 1, 1, 1, 1, 1, 1, 1, 1, 1, 1, 1, 1, 1, 1, 1, 1, 1, 1, 1, 1, 1, 1, 1, 1, 1, 1, 1, 1, 1, 1, 1, 1, 1, 1, 1, 1, 1, 1, 1, 1, 1, 1, 1, 1, 1, 1, 1, 1, 1, 1, 1, 1, 1, 1, 1, 1, 1, 1, 1, 1, 1, 1, 1, 1, 1, 1, 1, 1, 1, 1, 1, 1, 1, 1, 1, 1, 1, 1, 1, 1, 1, 1, 1, 1, 1, 1, 1, 1, 1, 1, 1, 1, 1, 1, 1, 1, 1, 1, 1, 1, 1, 1, 1, 1, 1, 1, 1, 1, 1, 1, 1, 1, 1, 1, 1, 1, 1, 1, 1, 1, 1, 1, 1, 1, 1, 1, 1, 1, 1, 1, 1, 1, 1, 1, 1, 1, 1, 1, 1, 1, 1, 1, 1, 1, 1, 1, 1, 1, 1, 1, 1, 1, 1, 1, 1, 1, 1, 1, 1, 1, 1, 1, 1, 1, 1, 1, 1, 1, 1, 1, 1, 1, 1, 1, 1, 1, 1, 1, 1, 1, 1, 1, 1, 1, 1, 1, 1, 1, 1, 1, 1, 1, 1, 1, 1, 1, 1, 1, 1, 1, 1, 1, 1, 1, 1, 1, 1, 1, 1, 1, 1, 1, 1, 1, 1, 1, 1, 1, 1, 1, 1, 1, 1, 1, 1, 1, 1, 1, 1, 1, 1, 1, 1, 1, 1, 1, 1, 1, 1, 1, 1, 1, 1, 1, 1, 1, 1, 1, 1, 1, 1, 1, 1, 1, 1, 1, 1, 1, 1, 1, 1, 1, 1, 1, 1, 1, 1, 1, 1, 1, 1, 1, 1, 1, 1, 1, 1, 1, 1, 1, 1, 1, 1, 1, 1, 1, 1, 1, 1, 1, 1, 1, 1, 1, 1, 1, 1, 1, 1, 1, 1, 1, 1, 1, 1, 1, 1, 1, 1, 1, 1, 1, 1, 1, 1, 1, 1, 1, 1, 1, 1, 1, 1, 1, 1, 1, 1, 1, 1, 1, 1, 1, 1, 1, 1, 1, 1, 1, 1, 1, 1, 1, 1, 1, 1, 1, 1, 1, 1, 1, 1, 1, 1, 1, 1, 1, 1, 1, 1, 1, 1, 1, 1, 1, 1, 1, 1, 1, 1, 1, 1, 1, 1, 1, 1, 1, 1, 1]
prediction:   [2, 3, 3, 2, 2, 0, 3, 3, 4, 4, 4, 4, 2, 0, 2, 2, 3, 2, 4, 3, 3, 3, 2, 4, 4, 3, 3, 2, 0, 0, 3, 3, 4, 4, 2, 3, 4, 3, 2, 2, 2, 2, 3, 2, 4, 3, 4, 4, 3, 2, 3, 3, 2, 4, 4, 2, 2, 3, 2, 2, 3, 4, 3, 4, 4, 3, 2, 3, 4, 3, 3, 2, 2, 0, 2, 3, 2, 4, 4, 2, 2, 2, 3, 3, 3, 4, 4, 4, 3, 3, 3, 3, 0, 3, 2, 3, 3, 3, 3, 4, 2, 3, 3, 3, 3, 3, 0, 4, 3, 4, 4, 3, 4, 3, 4, 3, 4, 0, 4, 2, 2, 3, 3, 3, 4, 3, 4, 3, 4, 4, 3, 3, 3, 4, 3, 4, 4, 2, 2, 4, 4, 3, 0, 3, 3, 3, 4, 4, 3, 0, 3, 3, 3, 2, 4, 0, 3, 3, 2, 0, 2, 3, 2, 3, 3, 3, 0, 4, 0, 2, 4, 2, 4, 0, 3, 4, 4, 4, 3, 3, 3, 0, 4, 3, 3, 2, 2, 4, 0, 2, 3, 3, 4, 4, 3, 4, 3, 4, 2, 4, 2, 2, 2, 2, 0, 4, 3, 3, 3, 4, 2, 3, 0, 3, 4, 2, 3, 2, 3, 4, 0, 3, 4, 4, 2, 2, 4, 4, 4, 2, 3, 4, 2, 2, 2, 2, 3, 3, 3, 2, 3, 0, 0, 4, 3, 0, 4, 3, 3, 2, 3, 0, 3, 0, 0, 0, 3, 0, 2, 4, 3, 2, 2, 2, 2, 3, 4, 0, 4, 4, 4, 4, 3, 0, 2, 2, 2, 3, 3, 2, 0, 3, 0, 4, 4, 2, 3, 2, 2, 3, 4, 4, 2, 3, 2, 0, 3, 0, 3, 4, 0, 4, 3, 3, 0, 4, 4, 0, 0, 2, 3, 3, 2, 2, 4, 3, 0, 2, 2, 0, 3, 4, 4, 2, 3, 2, 3, 0, 3, 2, 2, 3, 3, 0, 2, 4, 4, 0, 3, 4, 3, 4, 3, 4, 0, 3, 0, 4, 4, 2, 3, 3, 0, 4, 3, 3, 2, 3, 4, 4, 3, 3, 4, 0, 2, 2, 4, 2, 4, 3, 3, 2, 4, 4, 3, 2, 2, 4, 3, 4, 2, 2, 3, 3, 2, 0, 2, 2, 2, 2, 2, 2, 4, 3, 4, 4, 4, 4, 4, 4, 2, 2, 2, 2, 4, 2, 2, 4, 2, 4, 4, 2, 4, 4, 4, 4, 2, 3, 4, 4, 2, 4, 4, 3, 2, 4, 2, 2, 4, 2, 4, 2, 4, 4, 4, 2, 3, 2, 2, 4, 4, 4, 2, 4, 4, 2, 2, 4, 2, 4, 4, 3, 3, 4, 4, 4, 4, 2, 4, 4, 2, 3, 2, 4, 4, 2, 4, 2, 3, 4, 4, 4, 4, 4, 4, 4, 2, 4, 4, 2, 2, 2, 3, 4, 4, 4, 2, 3, 4, 2, 4, 2, 4, 2, 3, 4, 2, 2, 4, 4, 4, 3, 4, 4, 4, 2, 2, 2, 2, 4, 4]

----------------------------TEST----------------------------


Epochs: 1                 | Train Loss:  0.019                 | Train Accuracy:  0.875                 | Val Loss:  0.095                 | Val Accuracy:  0.000

100%|██████████████████████████████████████████████████████████████████████████████████████████████████████████████████████████████████████████████████████████████████████████████████████████████████████████████████████████████████████████████████| 64/64 [36:32<00:00, 34.26s/it]


----------------------------TRAIN----------------------------

[[497   5   1   8]
 [  3 505   1   2]
 [  0   1 510   0]
 [  2   0   0 509]]
              precision    recall  f1-score   support

           0       0.99      0.97      0.98       511
           2       0.99      0.99      0.99       511
           3       1.00      1.00      1.00       511
           4       0.98      1.00      0.99       511

    accuracy                           0.99      2044
   macro avg       0.99      0.99      0.99      2044
weighted avg       0.99      0.99      0.99      2044


ground truth: [3, 4, 4, 2, 0, 2, 2, 3, 0, 4, 0, 3, 4, 0, 2, 4, 3, 0, 3, 0, 3, 3, 4, 3, 3, 3, 2, 0, 4, 2, 3, 2, 4, 2, 0, 3, 3, 2, 3, 2, 2, 3, 2, 2, 2, 0, 2, 2, 2, 0, 3, 4, 0, 0, 3, 4, 2, 3, 0, 0, 3, 4, 4, 2, 0, 3, 0, 0, 2, 0, 0, 2, 2, 0, 3, 3, 4, 3, 0, 4, 4, 3, 0, 4, 2, 3, 2, 2, 0, 4, 4, 2, 2, 2, 0, 3, 4, 2, 2, 0, 2, 0, 4, 4, 3, 3, 3, 0, 3, 4, 4, 2, 4, 3, 3, 2, 2, 4, 4, 3, 0, 4, 3, 2, 2, 3, 3, 3, 4, 3, 2, 0, 2, 2, 3, 2, 0, 3, 2, 0, 2, 4, 2, 4, 0, 4, 0, 3, 4, 3, 3, 0, 4, 2, 0, 4, 0, 4, 0, 2, 0, 4, 3, 3, 3, 2, 0, 4, 4, 0, 2, 4, 2, 2, 4, 4, 0, 4, 0, 2, 2, 2, 3, 3, 4, 0, 2, 3, 4, 0, 4, 4, 0, 4, 2, 4, 0, 2, 4, 4, 3, 2, 3, 4, 0, 3, 4, 0, 0, 4, 3, 3, 2, 0, 4, 3, 2, 2, 0, 2, 2, 3, 4, 0, 2, 2, 0, 0, 0, 4, 4, 2, 2, 2, 2, 2, 0, 0, 2, 3, 4, 2, 0, 0, 4, 2, 4, 3, 2, 2, 4, 0, 2, 2, 2, 3, 4, 2, 4, 4, 0, 2, 2, 2, 3, 0, 0, 4, 2, 0, 2, 3, 3, 3, 4, 3, 2, 2, 4, 4, 2, 2, 3, 2, 2, 2, 4, 0, 4, 0, 3, 3, 0, 4, 3, 3, 0, 3, 3, 0, 0, 2, 2, 2, 4, 2, 3, 4, 4, 3, 3, 2, 3, 0, 4, 0, 2, 3, 2, 4, 4, 3, 4, 3, 0, 4, 4, 0, 3, 3, 2, 0, 3, 4, 4, 0, 2, 4, 4, 3, 3, 3, 4, 4, 0, 4, 0, 3, 0, 3, 3, 2, 2, 4, 0, 4, 4, 4, 3, 3, 4, 4, 2, 2, 4, 4, 3, 4, 3, 3, 0, 0, 2, 2, 0, 4, 2, 2, 0, 0, 0, 0, 4, 3, 3, 2, 3, 3, 4, 2, 4, 4, 3, 4, 2, 0, 0, 2, 3, 0, 0, 3, 4, 2, 4, 4, 2, 2, 0, 2, 2, 0, 2, 2, 3, 2, 2, 2, 0, 4, 3, 3, 0, 3, 0, 4, 4, 2, 2, 2, 3, 3, 4, 4, 2, 3, 0, 0, 4, 4, 0, 0, 4, 4, 3, 4, 0, 0, 4, 3, 3, 0, 3, 3, 2, 3, 0, 0, 2, 4, 0, 2, 3, 2, 3, 4, 0, 3, 3, 3, 0, 2, 3, 0, 3, 3, 2, 4, 3, 4, 0, 2, 4, 3, 3, 3, 4, 4, 4, 0, 0, 0, 2, 4, 0, 0, 2, 2, 2, 2, 0, 4, 3, 4, 4, 3, 4, 0, 0, 2, 4, 3, 3, 4, 0, 4, 3, 2, 3, 0, 0, 4, 2, 3, 2, 0, 3, 4, 2, 2, 0, 4, 3, 0, 0, 3, 3, 3, 3, 4, 3, 0, 3, 0, 4, 4, 0, 4, 4, 0, 2, 0, 0, 0, 0, 3, 2, 0, 4, 2, 0, 3, 2, 4, 0, 0, 4, 4, 4, 2, 2, 3, 4, 3, 2, 0, 2, 0, 3, 0, 3, 4, 4, 2, 0, 3, 3, 3, 3, 3, 4, 4, 0, 4, 0, 2, 0, 4, 2, 4, 2, 2, 3, 4, 2, 4, 2, 2, 2, 2, 4, 0, 2, 4, 0, 0, 0, 2, 4, 4, 3, 2, 4, 4, 4, 2, 4, 4, 2, 3, 0, 4, 2, 0, 2, 4, 2, 2, 3, 0, 0, 2, 2, 0, 3, 4, 2, 4, 4, 3, 0, 0, 4, 0, 4, 0, 2, 2, 3, 2, 0, 2, 0, 3, 3, 4, 3, 2, 4, 3, 2, 0, 4, 4, 4, 4, 4, 2, 2, 2, 4, 0, 4, 4, 3, 3, 3, 0, 2, 2, 4, 0, 2, 4, 2, 3, 3, 3, 2, 2, 4, 3, 2, 0, 0, 0, 4, 4, 0, 0, 3, 4, 4, 4, 3, 2, 4, 0, 3, 3, 3, 2, 3, 0, 0, 0, 4, 0, 3, 2, 4, 4, 2, 2, 2, 3, 2, 4, 3, 2, 2, 0, 0, 3, 4, 0, 3, 3, 2, 0, 4, 0, 0, 4, 3, 2, 3, 0, 4, 4, 2, 4, 3, 0, 2, 0, 3, 4, 3, 3, 0, 3, 2, 4, 0, 0, 0, 0, 3, 0, 3, 0, 0, 4, 3, 4, 4, 3, 0, 4, 3, 4, 4, 2, 0, 4, 2, 4, 3, 4, 3, 0, 3, 0, 3, 3, 2, 3, 3, 4, 3, 0, 4, 4, 2, 3, 0, 4, 4, 4, 3, 3, 0, 2, 4, 3, 2, 0, 2, 3, 3, 4, 2, 3, 3, 0, 4, 0, 3, 4, 0, 2, 4, 3, 0, 4, 4, 4, 3, 3, 2, 0, 4, 4, 4, 0, 2, 4, 0, 4, 2, 4, 2, 2, 2, 2, 4, 0, 3, 4, 0, 4, 0, 3, 2, 4, 4, 3, 3, 2, 0, 4, 4, 3, 4, 0, 4, 0, 3, 3, 3, 0, 3, 2, 3, 3, 0, 3, 3, 2, 4, 3, 4, 4, 2, 0, 0, 3, 3, 4, 3, 4, 3, 4, 2, 2, 4, 3, 3, 3, 2, 3, 0, 4, 4, 3, 4, 4, 0, 4, 3, 4, 0, 2, 4, 4, 2, 4, 2, 3, 4, 2, 4, 0, 4, 4, 4, 2, 0, 0, 3, 0, 4, 2, 3, 3, 3, 2, 0, 0, 0, 2, 4, 0, 2, 0, 2, 2, 4, 4, 4, 0, 0, 3, 2, 2, 3, 0, 4, 0, 3, 4, 4, 3, 0, 0, 0, 0, 4, 2, 2, 0, 0, 2, 2, 4, 0, 4, 0, 3, 2, 4, 2, 3, 3, 4, 3, 4, 2, 0, 3, 2, 0, 0, 0, 3, 4, 0, 0, 0, 2, 3, 4, 4, 0, 4, 0, 4, 2, 3, 4, 4, 0, 3, 2, 0, 0, 0, 0, 3, 0, 3, 2, 4, 3, 0, 3, 3, 4, 4, 3, 4, 0, 0, 4, 4, 4, 2, 0, 3, 2, 2, 0, 0, 4, 4, 4, 2, 3, 4, 0, 4, 4, 2, 2, 3, 2, 2, 0, 2, 2, 3, 3, 0, 2, 4, 0, 4, 0, 2, 3, 2, 0, 4, 3, 4, 4, 2, 3, 4, 3, 0, 3, 0, 0, 3, 4, 0, 4, 3, 2, 0, 2, 4, 0, 2, 2, 3, 3, 3, 2, 4, 4, 3, 4, 4, 4, 0, 4, 0, 3, 0, 0, 4, 0, 3, 0, 0, 4, 0, 0, 3, 3, 2, 0, 2, 4, 0, 4, 3, 3, 0, 0, 0, 2, 4, 2, 3, 2, 2, 3, 0, 4, 0, 2, 2, 3, 0, 0, 0, 0, 4, 4, 2, 3, 0, 2, 0, 2, 4, 2, 4, 2, 4, 0, 3, 3, 4, 2, 0, 2, 2, 0, 3, 2, 0, 0, 3, 2, 4, 0, 3, 0, 4, 2, 2, 0, 2, 0, 2, 0, 3, 3, 3, 3, 4, 0, 3, 0, 2, 0, 0, 4, 3, 2, 2, 3, 2, 0, 2, 4, 4, 3, 4, 4, 4, 2, 2, 3, 3, 0, 3, 3, 2, 4, 3, 2, 4, 4, 3, 2, 0, 2, 2, 2, 4, 4, 2, 3, 3, 2, 4, 3, 3, 2, 2, 0, 2, 4, 0, 0, 0, 4, 4, 4, 3, 0, 4, 3, 0, 3, 0, 4, 4, 0, 2, 2, 3, 0, 0, 2, 2, 2, 3, 3, 0, 0, 0, 0, 3, 3, 2, 4, 2, 2, 0, 0, 4, 3, 2, 2, 4, 2, 2, 4, 2, 0, 3, 4, 2, 0, 2, 0, 3, 4, 3, 2, 4, 4, 3, 2, 4, 0, 0, 3, 4, 3, 0, 0, 0, 0, 2, 4, 0, 4, 4, 0, 0, 2, 3, 0, 2, 0, 2, 0, 4, 3, 0, 3, 2, 2, 3, 3, 0, 3, 4, 3, 4, 0, 0, 4, 0, 0, 3, 4, 3, 4, 3, 0, 0, 0, 3, 4, 3, 2, 2, 2, 4, 3, 4, 3, 0, 3, 2, 0, 0, 2, 2, 4, 2, 0, 2, 4, 0, 3, 2, 3, 3, 2, 4, 4, 2, 2, 3, 3, 2, 3, 3, 0, 3, 3, 0, 3, 4, 0, 3, 3, 0, 0, 0, 2, 2, 0, 0, 4, 2, 3, 4, 3, 3, 3, 4, 3, 2, 2, 2, 0, 0, 3, 0, 4, 3, 2, 0, 4, 0, 0, 0, 0, 0, 2, 2, 3, 0, 0, 2, 4, 0, 3, 4, 3, 0, 3, 3, 3, 2, 3, 4, 2, 2, 0, 2, 3, 2, 3, 2, 4, 3, 0, 3, 3, 2, 0, 4, 4, 3, 3, 3, 3, 3, 0, 2, 4, 4, 4, 2, 2, 4, 2, 2, 4, 0, 0, 3, 0, 0, 2, 3, 4, 4, 3, 4, 2, 2, 3, 4, 2, 0, 4, 4, 4, 0, 0, 2, 0, 3, 4, 4, 4, 4, 0, 2, 2, 0, 0, 3, 2, 4, 3, 0, 4, 0, 0, 4, 3, 0, 0, 0, 3, 2, 2, 2, 4, 0, 3, 4, 3, 4, 4, 4, 4, 3, 3, 4, 2, 4, 3, 3, 0, 0, 0, 3, 0, 2, 2, 2, 4, 4, 0, 0, 0, 3, 2, 0, 3, 4, 4, 4, 2, 2, 2, 2, 3, 4, 0, 2, 2, 4, 3, 2, 2, 0, 4, 3, 4, 0, 0, 3, 2, 4, 2, 3, 4, 0, 2, 2, 0, 4, 0, 2, 2, 0, 4, 2, 3, 3, 0, 2, 0, 3, 0, 4, 2, 2, 3, 2, 4, 0, 3, 2, 0, 3, 2, 4, 2, 3, 4, 3, 2, 2, 2, 4, 4, 2, 3, 3, 0, 0, 4, 4, 0, 0, 4, 4, 4, 3, 0, 2, 3, 4, 2, 0, 0, 0, 3, 0, 0, 4, 2, 0, 2, 3, 0, 2, 0, 3, 2, 3, 0, 4, 2, 3, 2, 0, 4, 2, 3, 0, 3, 0, 2, 3, 2, 3, 2, 0, 3, 3, 4, 2, 3, 4, 3, 0, 0, 3, 3, 0, 0, 4, 2, 2, 2, 3, 4, 3, 0, 2, 4, 0, 0, 3, 4, 4, 2, 0, 4, 4, 2, 3, 2, 4, 0, 4, 0, 4, 2, 0, 2, 4, 3, 4, 2, 2, 4, 3, 2, 0, 2, 4, 2, 2, 2, 3, 3, 4, 3, 2, 3, 0, 0, 0, 2, 3, 0, 2, 3, 3, 3, 3, 4, 4, 4, 0, 0, 0, 2, 3, 0, 0, 4, 3, 3, 0, 4, 2, 0, 2, 3, 0, 2, 4, 3, 3, 4, 0, 4, 3, 3, 2, 2, 4, 3, 0, 4, 0, 2, 2, 2, 4, 4, 0, 3, 2, 0, 4, 2, 3, 4, 2, 3, 3, 0, 2, 3, 3, 3, 0, 2, 0, 2, 3, 2, 3, 3, 0, 3, 4, 0, 3, 4, 3, 3, 2, 0, 3, 2, 2, 3, 2, 2, 2, 0, 3, 4, 3, 0, 2, 4, 3, 0, 0, 4, 4, 0, 3, 2, 2, 0, 3, 2, 2, 3, 2, 4, 3, 2, 4, 3, 2, 3, 2, 2, 4, 2, 3, 4, 3, 3, 0, 2, 0, 4, 2, 3, 2, 2, 3, 3, 0, 0, 3, 2, 0, 0, 4, 4, 2, 2, 2, 3, 2, 2, 4, 4, 2, 2, 3, 4, 3, 2, 2, 2, 0, 0, 4, 3, 4, 4, 3, 2, 0, 4, 0, 3, 3, 3, 2, 4, 2, 2, 3, 4, 3, 3, 2, 3, 2, 4, 0, 4, 0, 0, 4, 3, 2, 4, 3, 4, 0, 0, 0, 4, 2, 2, 4, 0, 0, 2, 0, 0, 2, 3, 2, 2, 0, 0, 4, 0, 4, 2, 2, 0, 4, 2, 3, 4, 4, 2, 4, 0, 0, 4, 2, 4, 3, 3, 3, 0, 3, 3, 2, 2, 3, 3, 4, 0, 0, 4, 0, 4, 3, 4, 3, 2, 3, 4, 0, 3, 0, 3, 4, 3, 3]
prediction:   [3, 4, 4, 2, 0, 2, 2, 3, 0, 4, 0, 3, 4, 0, 2, 4, 3, 0, 3, 0, 3, 3, 4, 3, 3, 3, 2, 2, 4, 2, 3, 2, 4, 2, 0, 3, 3, 2, 3, 2, 2, 3, 2, 2, 2, 4, 2, 2, 2, 0, 3, 4, 0, 0, 3, 4, 2, 3, 0, 0, 3, 4, 0, 2, 0, 3, 0, 0, 2, 0, 0, 2, 2, 0, 3, 3, 4, 3, 0, 4, 4, 3, 0, 4, 2, 3, 2, 2, 0, 4, 4, 2, 2, 2, 0, 3, 4, 2, 2, 0, 2, 0, 4, 4, 3, 3, 3, 0, 3, 4, 4, 2, 4, 3, 3, 2, 2, 4, 4, 3, 0, 4, 3, 2, 2, 3, 3, 3, 4, 3, 2, 0, 2, 2, 3, 2, 0, 3, 2, 0, 2, 4, 2, 4, 0, 4, 0, 3, 4, 3, 3, 0, 4, 2, 0, 4, 0, 4, 0, 2, 0, 4, 3, 3, 3, 2, 0, 4, 4, 0, 2, 4, 2, 2, 4, 4, 0, 4, 0, 2, 2, 2, 3, 3, 4, 0, 2, 3, 4, 0, 4, 4, 0, 4, 2, 4, 0, 2, 4, 4, 3, 2, 3, 4, 4, 3, 4, 0, 3, 4, 3, 3, 2, 0, 4, 3, 2, 2, 0, 2, 2, 3, 4, 0, 2, 2, 0, 0, 0, 4, 4, 2, 2, 2, 2, 2, 0, 0, 2, 3, 4, 2, 0, 0, 4, 2, 4, 3, 2, 2, 4, 2, 2, 2, 2, 3, 4, 2, 4, 4, 0, 2, 2, 2, 3, 0, 0, 4, 4, 0, 2, 3, 3, 3, 4, 3, 2, 2, 4, 4, 2, 2, 3, 2, 2, 2, 4, 0, 4, 0, 3, 3, 0, 4, 3, 3, 0, 3, 3, 0, 0, 2, 0, 2, 4, 2, 3, 0, 4, 3, 3, 2, 3, 0, 4, 0, 2, 3, 2, 4, 4, 3, 4, 3, 0, 4, 4, 0, 3, 3, 2, 0, 3, 4, 4, 0, 2, 4, 4, 3, 3, 3, 4, 4, 0, 4, 0, 3, 0, 3, 3, 2, 2, 4, 0, 4, 4, 4, 3, 3, 4, 4, 2, 2, 4, 4, 3, 4, 3, 3, 0, 0, 2, 2, 0, 4, 2, 2, 0, 0, 0, 0, 4, 3, 3, 2, 3, 3, 4, 2, 4, 4, 3, 4, 2, 0, 0, 2, 3, 0, 0, 3, 4, 2, 4, 4, 2, 2, 0, 2, 2, 0, 2, 2, 3, 2, 2, 2, 0, 4, 3, 3, 0, 3, 0, 4, 4, 2, 2, 2, 3, 3, 4, 4, 2, 3, 0, 0, 4, 4, 0, 0, 4, 4, 3, 4, 0, 0, 4, 3, 3, 0, 3, 3, 2, 3, 0, 0, 2, 4, 0, 2, 3, 0, 3, 4, 0, 3, 3, 3, 0, 2, 3, 0, 3, 3, 2, 4, 3, 4, 0, 2, 4, 3, 3, 3, 4, 4, 4, 0, 0, 0, 2, 4, 0, 0, 2, 2, 2, 2, 0, 4, 3, 4, 4, 3, 4, 0, 0, 2, 4, 3, 3, 4, 0, 4, 3, 3, 3, 0, 0, 4, 2, 3, 2, 0, 3, 4, 2, 2, 0, 4, 3, 0, 0, 3, 3, 3, 3, 4, 3, 0, 3, 0, 4, 4, 0, 4, 4, 0, 2, 0, 0, 0, 0, 3, 2, 0, 4, 2, 0, 3, 2, 4, 0, 0, 4, 4, 4, 2, 2, 3, 4, 3, 2, 0, 2, 0, 3, 0, 3, 4, 4, 2, 0, 3, 3, 3, 3, 3, 4, 4, 0, 4, 0, 2, 0, 4, 2, 4, 2, 2, 3, 4, 2, 4, 2, 2, 2, 2, 4, 0, 2, 4, 0, 0, 0, 2, 4, 4, 3, 2, 4, 4, 4, 2, 4, 4, 2, 3, 0, 4, 2, 0, 2, 4, 2, 2, 3, 0, 0, 2, 2, 0, 3, 4, 2, 4, 4, 3, 0, 0, 4, 0, 4, 0, 2, 2, 3, 2, 0, 2, 0, 3, 3, 4, 3, 2, 4, 3, 2, 0, 4, 4, 4, 4, 4, 2, 2, 2, 4, 0, 4, 4, 3, 3, 3, 0, 2, 2, 4, 0, 2, 4, 2, 3, 3, 3, 2, 2, 4, 3, 2, 0, 0, 0, 4, 4, 0, 0, 3, 4, 4, 4, 3, 2, 4, 0, 3, 3, 3, 2, 3, 0, 4, 4, 4, 0, 3, 2, 4, 4, 2, 2, 2, 3, 2, 4, 3, 2, 2, 0, 0, 3, 4, 0, 3, 3, 2, 0, 4, 0, 0, 4, 3, 2, 3, 0, 4, 4, 2, 4, 3, 0, 2, 0, 3, 4, 3, 3, 0, 3, 2, 4, 0, 0, 0, 0, 3, 0, 3, 0, 0, 4, 3, 4, 4, 3, 0, 4, 3, 4, 4, 2, 0, 4, 2, 4, 2, 4, 3, 0, 3, 0, 3, 3, 2, 3, 3, 4, 3, 0, 4, 4, 2, 3, 0, 4, 4, 4, 3, 3, 0, 2, 4, 3, 2, 0, 2, 3, 3, 4, 2, 3, 3, 0, 4, 0, 3, 4, 0, 2, 4, 3, 0, 4, 4, 4, 3, 3, 2, 0, 4, 4, 4, 0, 2, 4, 0, 4, 2, 4, 2, 2, 2, 2, 4, 0, 3, 4, 0, 4, 0, 3, 2, 4, 4, 3, 3, 2, 2, 4, 4, 3, 4, 0, 4, 0, 3, 3, 3, 0, 3, 2, 3, 3, 0, 3, 3, 2, 4, 3, 4, 4, 2, 0, 0, 3, 3, 4, 3, 4, 3, 4, 2, 2, 4, 3, 3, 3, 2, 3, 0, 4, 4, 3, 4, 4, 0, 4, 3, 4, 0, 2, 4, 4, 2, 4, 2, 3, 4, 2, 4, 0, 4, 4, 4, 2, 0, 0, 3, 0, 4, 2, 3, 3, 3, 2, 0, 0, 0, 2, 4, 0, 2, 0, 2, 2, 4, 4, 4, 0, 0, 3, 2, 2, 3, 0, 4, 0, 3, 4, 4, 3, 0, 0, 0, 0, 4, 2, 2, 2, 0, 2, 2, 4, 0, 4, 0, 3, 2, 4, 2, 3, 3, 4, 3, 4, 2, 0, 3, 2, 0, 0, 0, 3, 4, 0, 0, 0, 2, 3, 4, 4, 0, 4, 0, 4, 2, 3, 4, 4, 4, 3, 2, 0, 0, 0, 0, 3, 0, 3, 2, 4, 3, 0, 3, 3, 4, 4, 3, 4, 0, 0, 4, 4, 4, 2, 4, 3, 2, 2, 0, 0, 4, 4, 4, 2, 3, 4, 0, 4, 4, 2, 2, 3, 2, 4, 0, 2, 2, 3, 3, 0, 2, 4, 0, 4, 0, 2, 3, 2, 0, 4, 3, 4, 4, 2, 3, 4, 3, 0, 3, 0, 0, 3, 4, 0, 4, 3, 2, 0, 2, 4, 0, 2, 2, 3, 3, 3, 2, 4, 4, 3, 4, 4, 4, 0, 4, 0, 3, 0, 0, 4, 0, 3, 0, 0, 4, 0, 0, 3, 3, 2, 0, 2, 4, 0, 4, 3, 3, 0, 0, 0, 2, 4, 2, 3, 2, 2, 3, 0, 4, 0, 2, 2, 3, 0, 0, 0, 0, 4, 4, 2, 3, 0, 2, 0, 2, 4, 2, 4, 2, 4, 0, 3, 3, 4, 2, 0, 2, 2, 0, 3, 2, 0, 0, 3, 2, 4, 0, 3, 0, 4, 2, 2, 0, 2, 0, 2, 0, 3, 3, 3, 3, 4, 0, 3, 0, 2, 0, 0, 4, 3, 2, 2, 3, 2, 0, 2, 4, 4, 3, 4, 4, 4, 2, 2, 3, 3, 0, 3, 3, 2, 4, 3, 2, 4, 4, 3, 2, 0, 2, 2, 2, 4, 4, 2, 3, 3, 2, 4, 3, 3, 2, 2, 0, 2, 4, 0, 0, 0, 4, 4, 4, 3, 0, 4, 3, 0, 3, 0, 4, 4, 0, 2, 2, 3, 0, 0, 2, 2, 2, 3, 3, 0, 0, 0, 0, 3, 3, 0, 4, 2, 2, 0, 0, 4, 3, 2, 2, 4, 2, 2, 4, 2, 0, 3, 4, 2, 0, 2, 0, 3, 4, 3, 2, 4, 4, 3, 2, 4, 0, 0, 3, 4, 3, 0, 0, 0, 0, 2, 4, 0, 4, 4, 0, 0, 2, 3, 0, 2, 0, 2, 0, 4, 3, 0, 3, 2, 2, 3, 3, 0, 3, 4, 3, 4, 0, 0, 4, 0, 0, 3, 4, 3, 4, 3, 0, 0, 0, 3, 4, 3, 2, 2, 2, 4, 3, 4, 3, 0, 3, 2, 0, 0, 2, 2, 4, 2, 0, 2, 4, 0, 3, 2, 3, 3, 2, 4, 4, 2, 2, 3, 3, 2, 3, 3, 0, 3, 3, 0, 3, 4, 0, 3, 3, 0, 0, 0, 2, 2, 0, 0, 4, 2, 3, 4, 3, 3, 3, 4, 3, 2, 2, 2, 0, 0, 3, 0, 4, 3, 2, 0, 4, 0, 0, 0, 0, 0, 2, 2, 3, 0, 0, 2, 4, 0, 3, 4, 3, 0, 3, 3, 3, 2, 3, 4, 2, 2, 0, 2, 3, 2, 3, 2, 4, 3, 0, 3, 3, 2, 0, 4, 4, 3, 3, 3, 3, 3, 0, 2, 4, 4, 4, 2, 2, 4, 2, 2, 4, 0, 4, 3, 0, 0, 2, 3, 4, 4, 3, 4, 2, 2, 3, 4, 2, 0, 4, 4, 4, 0, 0, 2, 0, 3, 4, 4, 4, 4, 0, 2, 2, 0, 0, 3, 2, 4, 3, 0, 4, 0, 2, 4, 3, 0, 0, 0, 3, 2, 2, 2, 4, 0, 3, 4, 3, 4, 4, 4, 4, 3, 3, 4, 2, 4, 3, 3, 0, 0, 0, 3, 0, 2, 2, 2, 4, 4, 0, 0, 0, 3, 2, 0, 3, 4, 4, 4, 2, 2, 2, 2, 3, 4, 0, 2, 2, 4, 3, 2, 2, 0, 4, 3, 4, 0, 0, 3, 2, 4, 2, 3, 4, 0, 2, 2, 0, 4, 0, 2, 2, 0, 4, 2, 3, 3, 0, 2, 0, 3, 0, 4, 2, 2, 3, 2, 4, 0, 3, 2, 0, 3, 2, 4, 2, 3, 4, 3, 2, 2, 2, 4, 4, 2, 3, 3, 0, 0, 4, 4, 0, 0, 4, 4, 4, 3, 0, 2, 3, 4, 2, 0, 0, 0, 3, 0, 0, 4, 2, 0, 2, 3, 0, 2, 0, 3, 2, 3, 0, 4, 2, 3, 2, 0, 4, 2, 3, 0, 3, 0, 2, 3, 2, 3, 2, 0, 3, 3, 4, 2, 3, 4, 3, 0, 0, 3, 3, 0, 0, 4, 2, 2, 2, 3, 4, 3, 0, 2, 4, 0, 0, 3, 4, 4, 2, 0, 4, 4, 2, 3, 2, 4, 0, 4, 0, 4, 2, 0, 2, 4, 3, 4, 2, 2, 4, 3, 2, 0, 2, 4, 2, 2, 2, 3, 3, 4, 3, 2, 3, 0, 0, 0, 2, 3, 0, 2, 3, 3, 3, 3, 4, 4, 4, 0, 0, 0, 2, 3, 0, 0, 4, 3, 3, 0, 4, 2, 0, 2, 3, 0, 2, 4, 3, 3, 4, 0, 4, 3, 3, 2, 2, 4, 3, 0, 4, 0, 2, 2, 2, 4, 4, 0, 3, 2, 0, 4, 2, 3, 4, 2, 3, 3, 0, 2, 3, 3, 3, 0, 2, 0, 2, 3, 2, 3, 3, 0, 3, 4, 0, 3, 4, 3, 3, 2, 0, 3, 2, 2, 3, 2, 2, 2, 0, 3, 4, 3, 0, 2, 4, 3, 0, 0, 4, 4, 0, 3, 2, 2, 0, 3, 2, 2, 3, 2, 4, 3, 2, 4, 3, 2, 3, 2, 2, 4, 2, 3, 4, 3, 3, 0, 2, 0, 4, 2, 3, 2, 2, 3, 3, 4, 0, 3, 2, 0, 0, 4, 4, 2, 2, 2, 3, 2, 2, 4, 4, 2, 2, 3, 4, 3, 2, 2, 2, 0, 0, 4, 3, 4, 4, 3, 2, 0, 4, 0, 3, 3, 3, 2, 4, 2, 2, 3, 4, 3, 3, 2, 3, 2, 4, 0, 4, 0, 0, 4, 3, 2, 4, 3, 4, 0, 0, 0, 4, 2, 2, 4, 0, 0, 2, 0, 0, 2, 3, 2, 2, 0, 0, 4, 0, 4, 2, 2, 0, 4, 2, 3, 4, 4, 2, 4, 0, 0, 4, 2, 4, 3, 3, 3, 0, 3, 3, 2, 2, 3, 3, 4, 0, 0, 4, 0, 4, 3, 4, 3, 2, 3, 4, 0, 3, 0, 3, 4, 3, 3]

----------------------------TRAIN----------------------------


----------------------------TEST----------------------------

[[  0   0   0   0   0]
 [142   0 199  69 101]
 [  0   0   0   0   0]
 [  0   0   0   0   0]
 [  0   0   0   0   0]]
              precision    recall  f1-score   support

           0       0.00      0.00      0.00       0.0
           1       0.00      0.00      0.00     511.0
           2       0.00      0.00      0.00       0.0
           3       0.00      0.00      0.00       0.0
           4       0.00      0.00      0.00       0.0

    accuracy                           0.00     511.0
   macro avg       0.00      0.00      0.00     511.0
weighted avg       0.00      0.00      0.00     511.0


ground truth: [1, 1, 1, 1, 1, 1, 1, 1, 1, 1, 1, 1, 1, 1, 1, 1, 1, 1, 1, 1, 1, 1, 1, 1, 1, 1, 1, 1, 1, 1, 1, 1, 1, 1, 1, 1, 1, 1, 1, 1, 1, 1, 1, 1, 1, 1, 1, 1, 1, 1, 1, 1, 1, 1, 1, 1, 1, 1, 1, 1, 1, 1, 1, 1, 1, 1, 1, 1, 1, 1, 1, 1, 1, 1, 1, 1, 1, 1, 1, 1, 1, 1, 1, 1, 1, 1, 1, 1, 1, 1, 1, 1, 1, 1, 1, 1, 1, 1, 1, 1, 1, 1, 1, 1, 1, 1, 1, 1, 1, 1, 1, 1, 1, 1, 1, 1, 1, 1, 1, 1, 1, 1, 1, 1, 1, 1, 1, 1, 1, 1, 1, 1, 1, 1, 1, 1, 1, 1, 1, 1, 1, 1, 1, 1, 1, 1, 1, 1, 1, 1, 1, 1, 1, 1, 1, 1, 1, 1, 1, 1, 1, 1, 1, 1, 1, 1, 1, 1, 1, 1, 1, 1, 1, 1, 1, 1, 1, 1, 1, 1, 1, 1, 1, 1, 1, 1, 1, 1, 1, 1, 1, 1, 1, 1, 1, 1, 1, 1, 1, 1, 1, 1, 1, 1, 1, 1, 1, 1, 1, 1, 1, 1, 1, 1, 1, 1, 1, 1, 1, 1, 1, 1, 1, 1, 1, 1, 1, 1, 1, 1, 1, 1, 1, 1, 1, 1, 1, 1, 1, 1, 1, 1, 1, 1, 1, 1, 1, 1, 1, 1, 1, 1, 1, 1, 1, 1, 1, 1, 1, 1, 1, 1, 1, 1, 1, 1, 1, 1, 1, 1, 1, 1, 1, 1, 1, 1, 1, 1, 1, 1, 1, 1, 1, 1, 1, 1, 1, 1, 1, 1, 1, 1, 1, 1, 1, 1, 1, 1, 1, 1, 1, 1, 1, 1, 1, 1, 1, 1, 1, 1, 1, 1, 1, 1, 1, 1, 1, 1, 1, 1, 1, 1, 1, 1, 1, 1, 1, 1, 1, 1, 1, 1, 1, 1, 1, 1, 1, 1, 1, 1, 1, 1, 1, 1, 1, 1, 1, 1, 1, 1, 1, 1, 1, 1, 1, 1, 1, 1, 1, 1, 1, 1, 1, 1, 1, 1, 1, 1, 1, 1, 1, 1, 1, 1, 1, 1, 1, 1, 1, 1, 1, 1, 1, 1, 1, 1, 1, 1, 1, 1, 1, 1, 1, 1, 1, 1, 1, 1, 1, 1, 1, 1, 1, 1, 1, 1, 1, 1, 1, 1, 1, 1, 1, 1, 1, 1, 1, 1, 1, 1, 1, 1, 1, 1, 1, 1, 1, 1, 1, 1, 1, 1, 1, 1, 1, 1, 1, 1, 1, 1, 1, 1, 1, 1, 1, 1, 1, 1, 1, 1, 1, 1, 1, 1, 1, 1, 1, 1, 1, 1, 1, 1, 1, 1, 1, 1, 1, 1, 1, 1, 1, 1, 1, 1, 1, 1, 1, 1, 1, 1, 1, 1, 1, 1, 1, 1, 1, 1, 1, 1, 1, 1, 1, 1, 1, 1, 1, 1, 1, 1, 1, 1, 1, 1, 1, 1, 1, 1, 1, 1, 1]
prediction:   [2, 3, 0, 2, 2, 0, 3, 3, 4, 4, 4, 0, 2, 0, 2, 2, 0, 2, 4, 3, 2, 2, 2, 4, 4, 2, 2, 2, 0, 0, 3, 3, 4, 2, 2, 3, 4, 0, 2, 2, 2, 2, 0, 2, 0, 2, 2, 0, 3, 2, 3, 0, 2, 4, 2, 2, 2, 0, 2, 2, 2, 4, 0, 4, 2, 3, 0, 4, 0, 3, 0, 2, 0, 0, 2, 0, 2, 0, 2, 2, 0, 2, 3, 2, 0, 0, 4, 4, 3, 3, 0, 3, 0, 3, 2, 2, 0, 0, 2, 2, 2, 3, 2, 2, 3, 3, 0, 0, 3, 2, 2, 3, 0, 0, 4, 0, 3, 0, 4, 2, 2, 3, 2, 2, 0, 3, 4, 2, 2, 0, 2, 3, 2, 0, 2, 2, 0, 0, 0, 0, 4, 0, 0, 2, 0, 2, 2, 4, 3, 0, 3, 3, 3, 2, 0, 0, 0, 0, 0, 0, 2, 2, 2, 3, 0, 0, 0, 2, 0, 2, 0, 3, 0, 0, 3, 0, 0, 0, 2, 3, 3, 0, 0, 0, 3, 2, 2, 2, 0, 2, 0, 0, 0, 4, 3, 2, 3, 4, 2, 4, 2, 2, 2, 2, 0, 0, 2, 3, 3, 2, 2, 0, 0, 3, 0, 2, 2, 2, 2, 4, 0, 2, 0, 4, 2, 2, 2, 4, 0, 2, 3, 2, 2, 2, 2, 0, 3, 3, 3, 2, 0, 0, 0, 2, 2, 0, 2, 3, 0, 0, 3, 0, 0, 0, 0, 0, 3, 0, 2, 0, 2, 0, 2, 2, 2, 0, 4, 0, 4, 0, 4, 4, 0, 0, 0, 0, 2, 3, 3, 2, 0, 3, 0, 4, 0, 2, 3, 0, 2, 3, 2, 0, 0, 0, 2, 0, 2, 0, 3, 4, 0, 4, 3, 3, 0, 0, 2, 0, 0, 0, 2, 0, 2, 2, 4, 3, 0, 2, 0, 0, 0, 4, 0, 0, 3, 2, 2, 0, 2, 2, 0, 2, 0, 0, 2, 2, 2, 0, 2, 0, 2, 4, 3, 4, 0, 3, 0, 4, 2, 2, 3, 3, 0, 0, 3, 0, 0, 3, 4, 4, 3, 2, 2, 0, 2, 2, 0, 2, 4, 3, 2, 2, 4, 2, 2, 0, 2, 0, 2, 4, 2, 2, 3, 0, 2, 0, 2, 2, 2, 2, 2, 2, 4, 3, 4, 4, 4, 4, 4, 0, 2, 2, 2, 2, 4, 2, 2, 2, 2, 4, 4, 2, 4, 4, 4, 4, 2, 4, 4, 2, 2, 4, 4, 0, 2, 4, 2, 2, 4, 2, 4, 2, 4, 4, 4, 2, 2, 2, 2, 4, 2, 4, 2, 4, 4, 2, 2, 4, 0, 4, 4, 2, 3, 4, 4, 4, 4, 2, 4, 0, 2, 4, 2, 4, 4, 2, 4, 2, 2, 4, 4, 4, 4, 4, 4, 4, 2, 2, 4, 2, 2, 2, 2, 4, 2, 4, 2, 2, 4, 2, 4, 2, 2, 2, 3, 4, 2, 2, 4, 4, 4, 2, 4, 4, 4, 2, 2, 2, 2, 2, 4]

----------------------------TEST----------------------------


Epochs: 2                 | Train Loss:  0.003                 | Train Accuracy:  0.989                 | Val Loss:  0.107                 | Val Accuracy:  0.000

100%|██████████████████████████████████████████████████████████████████████████████████████████████████████████████████████████████████████████████████████████████████████████████████████████████████████████████████████████████████████████████████| 64/64 [36:37<00:00, 34.33s/it]


----------------------------TRAIN----------------------------

[[507   1   0   3]
 [  1 506   0   4]
 [  1   0 510   0]
 [  4   2   0 505]]
              precision    recall  f1-score   support

           0       0.99      0.99      0.99       511
           2       0.99      0.99      0.99       511
           3       1.00      1.00      1.00       511
           4       0.99      0.99      0.99       511

    accuracy                           0.99      2044
   macro avg       0.99      0.99      0.99      2044
weighted avg       0.99      0.99      0.99      2044


ground truth: [4, 0, 3, 0, 2, 2, 2, 2, 3, 3, 0, 3, 4, 2, 2, 2, 4, 0, 2, 2, 2, 3, 2, 2, 0, 4, 4, 3, 4, 0, 3, 0, 3, 3, 3, 2, 0, 0, 4, 0, 0, 2, 4, 4, 4, 3, 4, 3, 4, 3, 2, 2, 0, 0, 0, 4, 0, 4, 3, 4, 2, 0, 0, 0, 3, 0, 0, 3, 3, 4, 3, 3, 0, 3, 0, 3, 0, 2, 0, 2, 4, 4, 0, 2, 3, 2, 0, 2, 4, 3, 3, 2, 0, 0, 3, 2, 4, 3, 3, 2, 3, 0, 4, 2, 3, 4, 0, 3, 0, 0, 3, 4, 0, 4, 4, 4, 2, 0, 4, 4, 4, 4, 0, 0, 2, 4, 4, 0, 0, 0, 4, 3, 3, 4, 3, 4, 2, 2, 2, 3, 3, 3, 3, 3, 4, 4, 0, 4, 2, 4, 2, 3, 4, 4, 3, 3, 2, 3, 4, 2, 2, 4, 3, 3, 2, 0, 4, 3, 0, 3, 4, 3, 4, 4, 0, 0, 0, 4, 0, 4, 4, 0, 2, 3, 0, 3, 2, 4, 3, 4, 4, 4, 4, 4, 3, 3, 3, 2, 0, 0, 4, 0, 3, 3, 4, 3, 3, 3, 2, 2, 2, 3, 0, 0, 3, 0, 3, 4, 0, 0, 2, 3, 3, 2, 0, 4, 2, 4, 2, 2, 2, 0, 0, 4, 2, 0, 4, 0, 4, 3, 2, 3, 4, 0, 3, 3, 3, 4, 3, 4, 2, 4, 2, 0, 3, 2, 3, 2, 2, 0, 4, 4, 2, 4, 2, 3, 4, 0, 2, 4, 4, 4, 3, 4, 3, 2, 0, 3, 2, 0, 0, 4, 2, 0, 0, 3, 0, 0, 2, 2, 0, 3, 3, 0, 2, 0, 3, 4, 4, 0, 0, 4, 3, 2, 4, 4, 4, 2, 0, 3, 0, 4, 2, 3, 2, 3, 2, 3, 3, 2, 4, 4, 3, 2, 3, 4, 4, 3, 3, 3, 0, 3, 0, 0, 4, 2, 4, 0, 2, 4, 2, 2, 0, 0, 3, 3, 2, 2, 0, 0, 4, 4, 0, 3, 0, 0, 2, 0, 2, 0, 3, 2, 2, 3, 2, 4, 2, 3, 4, 0, 4, 3, 3, 3, 2, 3, 2, 0, 4, 2, 2, 2, 2, 4, 0, 0, 3, 0, 3, 2, 4, 4, 3, 3, 0, 4, 2, 3, 0, 2, 0, 4, 0, 4, 4, 0, 2, 0, 3, 3, 0, 4, 2, 3, 3, 2, 3, 4, 2, 4, 2, 4, 3, 2, 0, 0, 3, 0, 4, 2, 2, 2, 0, 2, 2, 3, 3, 3, 2, 0, 0, 3, 0, 3, 0, 4, 0, 2, 4, 0, 4, 4, 0, 2, 2, 0, 3, 2, 4, 2, 3, 2, 2, 2, 3, 4, 2, 2, 4, 2, 3, 0, 3, 0, 4, 0, 3, 2, 0, 0, 0, 2, 0, 0, 4, 3, 2, 3, 3, 4, 3, 0, 2, 3, 4, 0, 3, 0, 0, 4, 3, 3, 3, 0, 2, 0, 3, 0, 3, 4, 4, 4, 4, 4, 2, 2, 3, 2, 0, 2, 4, 2, 2, 3, 4, 4, 0, 3, 2, 4, 3, 4, 3, 3, 2, 4, 4, 2, 0, 2, 3, 3, 2, 4, 3, 0, 3, 4, 3, 2, 4, 0, 3, 0, 3, 3, 4, 3, 2, 3, 0, 2, 0, 4, 4, 0, 4, 3, 4, 3, 2, 0, 2, 0, 0, 0, 3, 4, 0, 0, 0, 2, 0, 3, 2, 3, 3, 0, 4, 3, 3, 4, 2, 3, 2, 0, 2, 2, 2, 3, 4, 0, 0, 4, 4, 0, 3, 4, 2, 2, 4, 2, 2, 4, 3, 0, 3, 2, 2, 4, 0, 2, 0, 0, 4, 4, 0, 4, 2, 0, 4, 0, 3, 0, 0, 3, 4, 3, 0, 2, 4, 4, 2, 0, 2, 0, 4, 2, 2, 3, 4, 4, 0, 3, 2, 0, 3, 4, 0, 2, 2, 2, 4, 0, 3, 3, 3, 0, 2, 4, 0, 4, 2, 2, 3, 3, 2, 0, 4, 0, 2, 4, 3, 4, 4, 0, 3, 3, 2, 2, 3, 2, 4, 4, 3, 2, 0, 0, 2, 0, 2, 2, 4, 4, 3, 0, 4, 0, 0, 3, 3, 2, 4, 0, 4, 0, 3, 4, 0, 3, 2, 2, 3, 3, 2, 0, 0, 4, 0, 2, 2, 0, 3, 0, 3, 3, 2, 4, 3, 0, 0, 3, 0, 0, 0, 0, 3, 0, 2, 0, 0, 2, 4, 0, 3, 4, 2, 3, 4, 0, 0, 2, 0, 0, 2, 4, 3, 3, 2, 0, 2, 0, 3, 3, 2, 4, 4, 4, 2, 2, 0, 4, 3, 3, 2, 2, 0, 3, 3, 4, 3, 0, 2, 0, 3, 0, 2, 4, 0, 0, 0, 2, 2, 0, 0, 3, 4, 0, 2, 3, 0, 3, 3, 4, 0, 3, 2, 2, 0, 3, 0, 4, 2, 2, 0, 2, 2, 4, 4, 4, 2, 0, 4, 4, 3, 3, 4, 4, 0, 0, 4, 0, 0, 0, 3, 3, 0, 0, 4, 4, 3, 2, 2, 4, 2, 3, 2, 0, 2, 3, 0, 2, 3, 2, 2, 2, 2, 0, 3, 3, 4, 0, 4, 4, 4, 2, 0, 4, 3, 4, 4, 2, 0, 0, 3, 3, 3, 3, 2, 0, 2, 2, 0, 0, 4, 0, 3, 4, 0, 3, 0, 2, 4, 3, 2, 4, 4, 4, 3, 0, 2, 2, 4, 0, 2, 0, 4, 2, 4, 3, 2, 3, 2, 3, 4, 3, 2, 4, 2, 4, 3, 4, 4, 2, 4, 2, 3, 0, 4, 4, 4, 3, 2, 3, 4, 0, 4, 2, 3, 0, 2, 0, 3, 4, 4, 0, 4, 4, 4, 0, 2, 2, 2, 3, 4, 3, 2, 4, 0, 2, 3, 2, 4, 0, 4, 0, 3, 3, 2, 4, 0, 2, 4, 0, 0, 2, 0, 3, 0, 3, 4, 4, 3, 3, 4, 2, 0, 3, 2, 2, 0, 3, 2, 0, 4, 3, 2, 2, 3, 0, 4, 3, 2, 0, 2, 0, 4, 2, 4, 4, 3, 2, 0, 3, 4, 3, 2, 3, 0, 2, 2, 4, 4, 0, 2, 3, 0, 2, 4, 3, 0, 3, 3, 4, 4, 0, 4, 0, 3, 0, 2, 0, 0, 4, 2, 0, 4, 0, 0, 3, 2, 3, 3, 0, 0, 3, 4, 4, 3, 3, 4, 3, 3, 3, 0, 3, 0, 0, 2, 0, 4, 3, 0, 4, 0, 4, 0, 2, 2, 3, 0, 4, 3, 3, 0, 2, 2, 2, 4, 4, 0, 3, 4, 2, 2, 3, 3, 2, 4, 4, 0, 0, 0, 0, 4, 4, 3, 2, 4, 0, 4, 4, 0, 3, 4, 0, 3, 3, 2, 4, 0, 4, 0, 3, 3, 0, 4, 2, 3, 4, 2, 2, 3, 2, 0, 2, 2, 4, 2, 4, 0, 3, 3, 0, 2, 2, 3, 0, 4, 4, 3, 2, 3, 3, 3, 2, 0, 0, 2, 2, 0, 3, 3, 3, 0, 0, 4, 2, 3, 2, 4, 3, 4, 3, 0, 4, 2, 2, 2, 3, 0, 3, 4, 3, 0, 2, 3, 2, 3, 4, 3, 4, 3, 4, 4, 2, 3, 4, 2, 3, 0, 2, 0, 2, 0, 3, 2, 0, 0, 4, 4, 2, 3, 0, 3, 0, 2, 4, 3, 3, 4, 0, 0, 4, 2, 3, 3, 4, 0, 0, 4, 3, 0, 4, 2, 0, 3, 0, 2, 0, 3, 3, 3, 2, 0, 0, 2, 2, 0, 2, 4, 4, 3, 4, 0, 0, 3, 2, 4, 4, 4, 2, 2, 0, 2, 0, 4, 3, 2, 2, 0, 2, 4, 2, 2, 3, 4, 4, 2, 2, 2, 3, 4, 0, 3, 2, 0, 0, 3, 2, 3, 3, 0, 3, 0, 2, 0, 4, 4, 4, 0, 4, 0, 0, 0, 3, 4, 3, 0, 4, 2, 3, 0, 4, 4, 2, 0, 3, 3, 4, 0, 0, 4, 4, 0, 0, 3, 4, 2, 4, 3, 2, 3, 4, 2, 3, 0, 2, 2, 0, 0, 2, 4, 4, 0, 0, 3, 0, 4, 3, 3, 0, 0, 4, 4, 3, 3, 2, 3, 4, 0, 4, 4, 3, 2, 3, 2, 4, 4, 3, 3, 2, 3, 2, 0, 3, 3, 4, 3, 2, 4, 0, 3, 2, 3, 0, 0, 2, 3, 4, 3, 3, 4, 4, 0, 2, 2, 4, 0, 2, 0, 4, 3, 3, 2, 0, 0, 2, 3, 4, 4, 4, 4, 2, 2, 4, 3, 0, 4, 0, 3, 4, 2, 0, 0, 3, 2, 3, 2, 3, 3, 0, 0, 3, 2, 4, 3, 3, 2, 2, 4, 4, 3, 2, 3, 2, 3, 4, 2, 3, 3, 3, 4, 4, 4, 0, 2, 3, 3, 2, 4, 4, 0, 4, 2, 4, 2, 0, 2, 3, 3, 4, 3, 2, 2, 0, 0, 0, 4, 4, 4, 3, 2, 2, 3, 0, 4, 0, 0, 4, 2, 2, 2, 3, 0, 3, 2, 0, 3, 0, 4, 0, 0, 0, 2, 4, 4, 3, 2, 4, 2, 4, 0, 0, 3, 2, 4, 4, 3, 3, 3, 4, 2, 0, 2, 0, 4, 2, 0, 4, 0, 0, 0, 0, 2, 3, 3, 4, 2, 4, 4, 2, 4, 4, 0, 4, 0, 4, 0, 2, 3, 0, 3, 2, 4, 0, 3, 3, 4, 2, 0, 0, 2, 0, 2, 4, 4, 2, 4, 0, 2, 2, 2, 3, 4, 2, 0, 0, 4, 4, 4, 3, 3, 2, 0, 4, 3, 4, 0, 2, 4, 4, 4, 3, 2, 0, 2, 3, 4, 4, 4, 4, 4, 2, 0, 4, 3, 4, 3, 4, 2, 0, 0, 4, 3, 2, 4, 0, 3, 4, 4, 3, 3, 3, 3, 3, 0, 3, 0, 2, 0, 2, 2, 0, 2, 2, 4, 4, 0, 2, 2, 2, 4, 4, 4, 3, 3, 3, 0, 0, 4, 2, 2, 3, 3, 3, 4, 2, 3, 2, 0, 0, 3, 4, 3, 0, 4, 4, 0, 3, 2, 0, 0, 4, 0, 4, 3, 0, 0, 3, 2, 3, 0, 3, 2, 3, 0, 4, 0, 4, 4, 0, 4, 3, 2, 0, 0, 2, 4, 2, 0, 4, 2, 3, 4, 2, 3, 2, 2, 3, 4, 2, 3, 4, 2, 4, 0, 2, 0, 0, 4, 0, 2, 4, 0, 2, 0, 2, 4, 4, 3, 3, 3, 0, 2, 3, 3, 0, 2, 4, 2, 2, 2, 4, 3, 2, 2, 3, 3, 4, 2, 3, 3, 2, 2, 4, 2, 4, 2, 2, 0, 2, 4, 0, 3, 2, 2, 3, 3, 3, 4, 2, 3, 2, 4, 2, 2, 3, 4, 4, 0, 2, 2, 2, 4, 4, 0, 2, 3, 2, 0, 2, 3, 3, 2, 4, 0, 0, 3, 2, 2, 3, 2, 3, 3, 0, 2, 0, 0, 3, 4, 2, 3, 4, 3, 0, 4, 0, 0, 4, 0, 2, 4, 4, 4, 0, 3, 4, 4, 3, 2, 4, 0, 4, 2, 2, 0, 3, 3, 2, 0, 3, 2, 4, 2, 2, 3, 4, 3, 4, 2, 4, 3, 0, 4, 0, 3, 4, 4, 2, 3, 4, 2, 3, 3, 4, 2, 3, 4, 4, 4, 3, 4, 2, 4, 2, 3, 2, 0, 3, 3, 4, 2, 2, 2, 0, 2, 3, 3, 4, 0, 4, 3, 3, 3, 0, 0, 0, 0, 2, 3, 3, 0, 2, 3, 2, 0, 2, 4, 2, 2, 0, 4, 3, 2, 0, 0, 0, 3, 0, 2, 3, 2, 4, 2, 3, 4, 0, 2, 2, 4, 0, 4, 3, 0, 4, 4, 3, 3, 4, 0, 2, 3, 2, 2, 2, 2, 4, 3, 4, 4, 0, 0, 4, 3, 4, 2, 3, 4, 4, 0, 0, 4, 2, 4, 2, 0, 2, 0, 0, 3, 2, 0, 3, 3, 0, 0, 3, 2, 0, 4, 0, 2, 2, 3, 0, 0, 0, 2, 4, 4, 3, 4, 4, 2, 4, 3, 4, 4, 0, 4, 3, 3, 2, 2, 0, 2, 0, 0, 2, 0, 3, 2, 0, 2, 0, 4, 2, 4, 0, 2, 3, 4, 4, 2, 4, 0, 2, 2, 3, 0, 2, 4, 3]
prediction:   [4, 0, 3, 0, 2, 2, 2, 2, 3, 3, 0, 3, 4, 2, 2, 2, 4, 0, 2, 2, 2, 3, 2, 2, 0, 4, 4, 3, 4, 0, 3, 0, 3, 3, 3, 2, 0, 0, 4, 0, 0, 2, 4, 4, 4, 3, 4, 3, 4, 3, 2, 2, 0, 0, 0, 4, 0, 4, 3, 4, 2, 0, 0, 0, 3, 0, 0, 3, 3, 4, 3, 3, 0, 3, 0, 3, 0, 2, 0, 2, 4, 4, 0, 2, 3, 2, 0, 2, 4, 3, 3, 2, 0, 0, 3, 2, 4, 3, 3, 2, 3, 0, 4, 2, 3, 4, 0, 3, 0, 0, 3, 4, 0, 4, 4, 4, 2, 0, 4, 4, 0, 4, 0, 0, 2, 4, 4, 0, 0, 0, 4, 3, 3, 4, 3, 4, 2, 2, 2, 3, 3, 3, 3, 3, 4, 4, 0, 4, 2, 4, 2, 3, 4, 4, 3, 3, 2, 3, 4, 2, 2, 4, 3, 3, 2, 0, 4, 3, 0, 3, 4, 3, 4, 4, 0, 0, 0, 4, 0, 4, 4, 0, 2, 3, 0, 3, 2, 4, 3, 4, 4, 4, 4, 4, 3, 3, 3, 2, 0, 0, 4, 0, 3, 3, 4, 3, 3, 3, 2, 2, 2, 3, 0, 0, 3, 0, 3, 4, 0, 0, 2, 3, 3, 2, 0, 4, 2, 4, 2, 2, 2, 0, 0, 4, 2, 0, 4, 0, 4, 3, 2, 3, 4, 0, 3, 3, 3, 4, 3, 4, 2, 4, 2, 0, 3, 2, 3, 2, 2, 0, 4, 4, 2, 4, 2, 3, 4, 0, 2, 4, 4, 4, 3, 4, 3, 2, 0, 3, 2, 0, 0, 4, 2, 0, 0, 3, 0, 0, 2, 2, 0, 3, 3, 4, 2, 0, 3, 4, 4, 0, 0, 4, 3, 2, 4, 4, 4, 2, 0, 3, 0, 4, 2, 3, 2, 3, 2, 3, 3, 2, 4, 4, 3, 2, 3, 4, 4, 3, 3, 3, 0, 3, 0, 0, 4, 2, 4, 0, 2, 4, 2, 2, 0, 0, 3, 3, 2, 2, 0, 0, 4, 4, 0, 3, 0, 0, 2, 0, 2, 0, 3, 2, 2, 3, 2, 4, 2, 3, 4, 0, 4, 3, 3, 3, 2, 3, 2, 0, 4, 2, 2, 2, 2, 4, 0, 0, 3, 0, 3, 2, 4, 4, 3, 3, 0, 4, 2, 3, 0, 2, 0, 4, 0, 4, 4, 0, 2, 0, 3, 3, 0, 4, 2, 3, 3, 2, 3, 4, 2, 4, 2, 4, 3, 2, 0, 0, 3, 0, 4, 2, 2, 2, 0, 2, 2, 3, 3, 3, 2, 0, 0, 3, 0, 3, 0, 4, 0, 2, 4, 0, 4, 4, 0, 2, 2, 0, 3, 2, 4, 2, 3, 2, 2, 2, 3, 4, 2, 2, 4, 2, 3, 0, 3, 0, 4, 0, 3, 2, 0, 0, 0, 2, 0, 0, 4, 3, 2, 3, 3, 4, 3, 0, 2, 3, 4, 0, 3, 0, 0, 4, 3, 3, 3, 0, 2, 0, 3, 0, 3, 4, 4, 4, 4, 4, 2, 2, 3, 2, 0, 2, 4, 2, 2, 3, 4, 4, 0, 3, 2, 4, 3, 4, 3, 3, 2, 4, 4, 2, 0, 2, 3, 3, 2, 4, 3, 0, 3, 4, 3, 2, 4, 0, 3, 0, 3, 3, 4, 3, 2, 3, 0, 2, 0, 4, 4, 0, 4, 3, 4, 3, 2, 0, 2, 0, 0, 0, 3, 4, 0, 0, 0, 2, 0, 3, 2, 3, 3, 0, 4, 3, 3, 4, 2, 3, 2, 0, 2, 2, 2, 3, 4, 0, 0, 4, 4, 0, 3, 4, 2, 2, 4, 2, 2, 0, 3, 0, 3, 2, 2, 4, 0, 2, 0, 0, 4, 4, 0, 4, 2, 0, 4, 0, 3, 0, 0, 3, 4, 3, 0, 2, 4, 4, 2, 0, 2, 0, 4, 2, 2, 3, 4, 4, 0, 3, 2, 0, 3, 4, 0, 2, 2, 2, 4, 0, 3, 3, 3, 0, 2, 4, 0, 4, 2, 2, 3, 3, 2, 0, 4, 0, 2, 4, 3, 4, 4, 0, 3, 3, 2, 2, 3, 2, 4, 4, 3, 2, 0, 0, 2, 0, 2, 2, 4, 4, 3, 0, 4, 0, 0, 3, 3, 2, 4, 0, 4, 0, 3, 4, 0, 3, 2, 2, 3, 3, 2, 0, 0, 4, 0, 2, 2, 0, 3, 0, 3, 3, 2, 4, 3, 0, 0, 3, 0, 0, 0, 0, 3, 0, 2, 0, 0, 2, 4, 0, 3, 4, 2, 3, 4, 0, 0, 2, 0, 0, 2, 4, 3, 3, 2, 0, 2, 0, 3, 3, 4, 4, 4, 4, 2, 2, 0, 4, 3, 3, 2, 2, 0, 3, 3, 4, 3, 0, 2, 0, 3, 0, 2, 4, 0, 0, 0, 2, 2, 0, 0, 3, 4, 0, 2, 3, 0, 3, 3, 4, 0, 3, 2, 2, 0, 3, 0, 4, 2, 2, 0, 2, 2, 4, 4, 4, 2, 0, 4, 4, 3, 3, 4, 4, 0, 0, 4, 0, 0, 0, 3, 3, 0, 0, 4, 4, 3, 2, 2, 4, 2, 3, 2, 0, 2, 3, 0, 2, 3, 2, 2, 2, 2, 0, 3, 3, 4, 0, 4, 4, 4, 2, 0, 4, 3, 4, 4, 2, 0, 0, 3, 3, 3, 3, 2, 0, 2, 2, 0, 0, 4, 0, 3, 4, 0, 3, 0, 2, 4, 3, 2, 4, 4, 4, 3, 0, 2, 2, 4, 0, 2, 0, 4, 2, 4, 3, 2, 3, 2, 3, 4, 3, 2, 4, 2, 4, 3, 4, 4, 2, 4, 2, 3, 0, 4, 4, 4, 3, 2, 3, 4, 0, 4, 2, 3, 0, 2, 0, 3, 4, 4, 0, 4, 4, 4, 0, 2, 2, 2, 3, 4, 3, 2, 4, 0, 2, 3, 2, 4, 0, 4, 0, 3, 3, 2, 4, 0, 2, 4, 0, 0, 2, 0, 3, 0, 3, 4, 4, 3, 3, 4, 2, 0, 3, 2, 2, 0, 3, 2, 0, 4, 3, 2, 2, 3, 0, 4, 3, 2, 0, 2, 0, 4, 2, 4, 4, 3, 2, 0, 3, 2, 3, 2, 3, 0, 2, 2, 4, 4, 0, 2, 3, 0, 2, 4, 3, 0, 3, 3, 4, 4, 0, 4, 0, 3, 0, 2, 0, 0, 4, 2, 0, 4, 0, 0, 3, 2, 3, 3, 0, 0, 3, 4, 4, 3, 3, 4, 3, 3, 3, 0, 3, 0, 0, 2, 0, 4, 3, 0, 4, 0, 4, 0, 2, 2, 3, 0, 4, 3, 3, 0, 2, 2, 2, 4, 4, 0, 3, 4, 2, 2, 3, 3, 2, 4, 4, 0, 0, 0, 0, 4, 4, 3, 2, 4, 0, 4, 4, 0, 3, 4, 0, 3, 3, 2, 4, 0, 4, 0, 3, 3, 0, 4, 2, 3, 4, 2, 2, 3, 2, 0, 2, 2, 4, 2, 4, 0, 3, 3, 0, 2, 2, 3, 0, 4, 4, 3, 2, 3, 3, 3, 2, 0, 0, 2, 2, 0, 3, 3, 3, 0, 0, 4, 2, 3, 2, 4, 3, 4, 3, 0, 4, 2, 2, 2, 3, 0, 3, 4, 3, 0, 4, 3, 2, 3, 4, 3, 4, 3, 4, 4, 2, 3, 4, 2, 3, 0, 2, 0, 0, 0, 3, 2, 0, 0, 4, 4, 2, 3, 0, 3, 0, 2, 4, 3, 3, 4, 0, 0, 4, 2, 3, 3, 4, 0, 0, 4, 3, 0, 4, 2, 0, 3, 0, 2, 0, 3, 3, 3, 2, 0, 0, 2, 2, 0, 2, 4, 4, 3, 4, 0, 0, 3, 2, 4, 4, 4, 2, 2, 0, 2, 0, 4, 3, 2, 2, 0, 2, 4, 2, 2, 3, 4, 4, 2, 2, 2, 3, 4, 0, 3, 2, 0, 0, 3, 2, 3, 3, 0, 3, 0, 2, 0, 4, 4, 4, 0, 4, 0, 0, 0, 3, 4, 3, 0, 4, 2, 3, 0, 4, 4, 2, 0, 3, 3, 4, 0, 0, 4, 4, 0, 0, 3, 4, 2, 4, 3, 2, 3, 4, 2, 3, 0, 2, 2, 0, 0, 2, 2, 4, 0, 0, 3, 0, 4, 3, 3, 0, 0, 4, 4, 3, 3, 2, 3, 4, 0, 4, 4, 3, 2, 3, 2, 4, 4, 3, 3, 2, 3, 2, 0, 3, 3, 4, 3, 2, 4, 0, 3, 2, 3, 0, 0, 2, 3, 4, 3, 3, 4, 4, 0, 2, 2, 4, 0, 2, 0, 4, 3, 3, 2, 0, 0, 2, 3, 4, 4, 4, 4, 2, 2, 4, 3, 0, 4, 0, 3, 4, 2, 0, 0, 3, 2, 3, 2, 3, 3, 0, 0, 3, 2, 4, 3, 3, 2, 2, 4, 4, 3, 2, 3, 2, 3, 4, 2, 3, 3, 3, 4, 4, 4, 0, 2, 3, 3, 2, 4, 4, 0, 4, 2, 4, 2, 0, 2, 3, 3, 4, 3, 2, 2, 0, 0, 0, 4, 4, 4, 3, 2, 2, 3, 0, 4, 0, 0, 4, 2, 2, 2, 3, 0, 3, 2, 0, 3, 0, 4, 0, 0, 0, 2, 4, 4, 3, 2, 4, 2, 4, 0, 0, 3, 2, 4, 4, 3, 3, 3, 4, 2, 0, 2, 0, 4, 2, 0, 4, 0, 0, 0, 0, 2, 3, 3, 4, 2, 4, 4, 2, 4, 4, 0, 4, 0, 4, 0, 2, 3, 0, 3, 2, 4, 0, 3, 3, 4, 2, 0, 0, 2, 0, 2, 4, 4, 2, 4, 0, 2, 2, 2, 3, 4, 2, 0, 0, 4, 4, 4, 3, 3, 2, 0, 4, 3, 4, 0, 2, 4, 4, 4, 3, 2, 0, 2, 3, 4, 4, 4, 4, 4, 2, 0, 4, 3, 4, 3, 4, 2, 0, 0, 4, 3, 2, 4, 0, 3, 4, 4, 3, 3, 3, 3, 3, 0, 3, 0, 2, 4, 2, 2, 0, 2, 2, 4, 4, 0, 2, 2, 2, 4, 4, 4, 3, 3, 3, 0, 0, 4, 2, 2, 3, 3, 3, 4, 2, 3, 2, 4, 0, 3, 4, 3, 0, 4, 4, 0, 3, 2, 0, 0, 4, 0, 4, 3, 0, 0, 3, 2, 3, 0, 3, 2, 3, 0, 4, 0, 4, 4, 0, 4, 3, 2, 0, 0, 2, 4, 2, 0, 4, 2, 3, 4, 2, 3, 2, 2, 3, 4, 2, 3, 4, 2, 4, 0, 2, 0, 2, 4, 0, 2, 4, 0, 4, 0, 2, 4, 4, 3, 3, 3, 0, 2, 3, 3, 0, 2, 4, 2, 2, 2, 4, 3, 2, 2, 3, 3, 4, 2, 3, 3, 2, 2, 4, 2, 4, 2, 2, 0, 2, 4, 0, 3, 2, 2, 3, 3, 3, 4, 2, 3, 2, 4, 2, 2, 3, 4, 4, 0, 2, 2, 2, 4, 4, 0, 2, 3, 2, 0, 2, 3, 3, 2, 4, 0, 0, 3, 2, 2, 3, 2, 3, 3, 0, 2, 0, 0, 3, 4, 2, 3, 4, 3, 0, 4, 0, 0, 4, 0, 2, 4, 4, 4, 0, 3, 4, 4, 3, 2, 4, 0, 4, 4, 2, 0, 3, 3, 2, 0, 3, 2, 4, 2, 2, 3, 4, 3, 4, 2, 4, 3, 0, 4, 0, 3, 4, 4, 2, 3, 4, 2, 3, 3, 4, 2, 0, 4, 4, 4, 3, 4, 2, 4, 2, 3, 2, 0, 3, 3, 4, 2, 2, 2, 0, 2, 3, 3, 4, 0, 4, 3, 3, 3, 0, 0, 0, 0, 2, 3, 3, 0, 2, 3, 2, 0, 2, 4, 2, 2, 0, 4, 3, 2, 0, 0, 0, 3, 0, 2, 3, 2, 4, 2, 3, 4, 0, 2, 2, 4, 0, 4, 3, 0, 4, 4, 3, 3, 4, 0, 2, 3, 2, 2, 2, 2, 0, 3, 4, 4, 0, 0, 4, 3, 4, 2, 3, 0, 4, 0, 0, 4, 2, 4, 2, 0, 2, 0, 0, 3, 2, 0, 3, 3, 0, 0, 3, 2, 0, 4, 0, 2, 2, 3, 0, 0, 0, 2, 4, 4, 3, 4, 4, 2, 4, 3, 4, 4, 0, 4, 3, 3, 2, 2, 0, 2, 0, 0, 2, 0, 3, 2, 0, 2, 0, 4, 2, 4, 0, 2, 3, 4, 4, 2, 4, 0, 2, 2, 3, 0, 2, 4, 3]

----------------------------TRAIN----------------------------


----------------------------TEST----------------------------

[[  0   0   0   0   0]
 [ 51   0  13 196 251]
 [  0   0   0   0   0]
 [  0   0   0   0   0]
 [  0   0   0   0   0]]
              precision    recall  f1-score   support

           0       0.00      0.00      0.00       0.0
           1       0.00      0.00      0.00     511.0
           2       0.00      0.00      0.00       0.0
           3       0.00      0.00      0.00       0.0
           4       0.00      0.00      0.00       0.0

    accuracy                           0.00     511.0
   macro avg       0.00      0.00      0.00     511.0
weighted avg       0.00      0.00      0.00     511.0


ground truth: [1, 1, 1, 1, 1, 1, 1, 1, 1, 1, 1, 1, 1, 1, 1, 1, 1, 1, 1, 1, 1, 1, 1, 1, 1, 1, 1, 1, 1, 1, 1, 1, 1, 1, 1, 1, 1, 1, 1, 1, 1, 1, 1, 1, 1, 1, 1, 1, 1, 1, 1, 1, 1, 1, 1, 1, 1, 1, 1, 1, 1, 1, 1, 1, 1, 1, 1, 1, 1, 1, 1, 1, 1, 1, 1, 1, 1, 1, 1, 1, 1, 1, 1, 1, 1, 1, 1, 1, 1, 1, 1, 1, 1, 1, 1, 1, 1, 1, 1, 1, 1, 1, 1, 1, 1, 1, 1, 1, 1, 1, 1, 1, 1, 1, 1, 1, 1, 1, 1, 1, 1, 1, 1, 1, 1, 1, 1, 1, 1, 1, 1, 1, 1, 1, 1, 1, 1, 1, 1, 1, 1, 1, 1, 1, 1, 1, 1, 1, 1, 1, 1, 1, 1, 1, 1, 1, 1, 1, 1, 1, 1, 1, 1, 1, 1, 1, 1, 1, 1, 1, 1, 1, 1, 1, 1, 1, 1, 1, 1, 1, 1, 1, 1, 1, 1, 1, 1, 1, 1, 1, 1, 1, 1, 1, 1, 1, 1, 1, 1, 1, 1, 1, 1, 1, 1, 1, 1, 1, 1, 1, 1, 1, 1, 1, 1, 1, 1, 1, 1, 1, 1, 1, 1, 1, 1, 1, 1, 1, 1, 1, 1, 1, 1, 1, 1, 1, 1, 1, 1, 1, 1, 1, 1, 1, 1, 1, 1, 1, 1, 1, 1, 1, 1, 1, 1, 1, 1, 1, 1, 1, 1, 1, 1, 1, 1, 1, 1, 1, 1, 1, 1, 1, 1, 1, 1, 1, 1, 1, 1, 1, 1, 1, 1, 1, 1, 1, 1, 1, 1, 1, 1, 1, 1, 1, 1, 1, 1, 1, 1, 1, 1, 1, 1, 1, 1, 1, 1, 1, 1, 1, 1, 1, 1, 1, 1, 1, 1, 1, 1, 1, 1, 1, 1, 1, 1, 1, 1, 1, 1, 1, 1, 1, 1, 1, 1, 1, 1, 1, 1, 1, 1, 1, 1, 1, 1, 1, 1, 1, 1, 1, 1, 1, 1, 1, 1, 1, 1, 1, 1, 1, 1, 1, 1, 1, 1, 1, 1, 1, 1, 1, 1, 1, 1, 1, 1, 1, 1, 1, 1, 1, 1, 1, 1, 1, 1, 1, 1, 1, 1, 1, 1, 1, 1, 1, 1, 1, 1, 1, 1, 1, 1, 1, 1, 1, 1, 1, 1, 1, 1, 1, 1, 1, 1, 1, 1, 1, 1, 1, 1, 1, 1, 1, 1, 1, 1, 1, 1, 1, 1, 1, 1, 1, 1, 1, 1, 1, 1, 1, 1, 1, 1, 1, 1, 1, 1, 1, 1, 1, 1, 1, 1, 1, 1, 1, 1, 1, 1, 1, 1, 1, 1, 1, 1, 1, 1, 1, 1, 1, 1, 1, 1, 1, 1, 1, 1, 1, 1, 1, 1, 1, 1, 1, 1, 1, 1, 1, 1, 1, 1, 1, 1, 1, 1, 1, 1, 1, 1, 1, 1, 1, 1, 1, 1, 1, 1, 1, 1, 1, 1, 1, 1]
prediction:   [2, 3, 3, 3, 2, 0, 3, 3, 4, 4, 4, 4, 4, 0, 4, 3, 3, 4, 4, 3, 3, 3, 2, 4, 4, 4, 3, 4, 0, 0, 3, 3, 4, 4, 2, 4, 4, 3, 3, 4, 3, 4, 3, 3, 4, 3, 4, 4, 3, 3, 3, 3, 3, 4, 4, 3, 3, 0, 3, 3, 3, 4, 3, 4, 4, 3, 3, 4, 0, 3, 3, 3, 4, 0, 4, 3, 4, 3, 4, 3, 3, 2, 3, 4, 3, 4, 4, 4, 3, 3, 0, 3, 0, 3, 4, 3, 3, 0, 3, 3, 3, 3, 4, 3, 3, 3, 4, 4, 3, 4, 4, 3, 4, 3, 4, 3, 3, 0, 4, 2, 4, 3, 3, 3, 3, 3, 4, 3, 4, 4, 3, 3, 3, 4, 3, 4, 0, 0, 3, 4, 4, 3, 0, 4, 4, 3, 4, 4, 3, 0, 3, 3, 3, 3, 4, 0, 3, 4, 3, 4, 3, 3, 3, 3, 3, 3, 0, 4, 0, 4, 4, 3, 4, 0, 3, 4, 4, 4, 3, 3, 3, 0, 4, 3, 3, 4, 3, 4, 0, 4, 3, 4, 4, 4, 3, 3, 3, 4, 3, 4, 3, 2, 3, 3, 0, 3, 3, 3, 3, 4, 4, 3, 0, 3, 4, 3, 3, 3, 3, 4, 0, 3, 4, 4, 3, 4, 4, 4, 4, 4, 3, 4, 4, 3, 4, 0, 3, 3, 3, 3, 3, 0, 0, 4, 4, 0, 4, 3, 3, 4, 3, 0, 3, 0, 0, 0, 3, 0, 3, 3, 3, 4, 4, 4, 3, 3, 4, 0, 4, 4, 4, 4, 3, 4, 3, 3, 4, 3, 3, 3, 0, 3, 0, 4, 0, 2, 3, 3, 2, 3, 4, 4, 3, 3, 3, 4, 3, 0, 3, 4, 0, 4, 3, 3, 0, 0, 4, 0, 4, 3, 3, 3, 4, 4, 4, 3, 0, 4, 3, 0, 3, 4, 4, 4, 3, 3, 4, 0, 4, 3, 0, 3, 3, 0, 3, 4, 4, 0, 3, 4, 3, 4, 3, 4, 0, 3, 3, 4, 4, 3, 3, 3, 3, 4, 3, 3, 3, 3, 4, 4, 3, 3, 3, 0, 3, 4, 4, 3, 4, 3, 3, 4, 4, 4, 3, 4, 3, 4, 4, 4, 3, 4, 3, 3, 3, 0, 2, 4, 4, 4, 4, 2, 4, 3, 4, 4, 4, 4, 4, 4, 4, 4, 4, 4, 4, 4, 4, 4, 4, 4, 4, 4, 4, 4, 4, 4, 3, 4, 4, 4, 4, 4, 4, 3, 4, 4, 3, 4, 4, 4, 4, 4, 4, 4, 4, 2, 4, 4, 4, 4, 4, 4, 4, 4, 4, 4, 4, 4, 4, 4, 4, 4, 3, 4, 4, 4, 4, 3, 4, 4, 4, 4, 4, 4, 4, 4, 4, 4, 3, 4, 4, 4, 4, 4, 4, 4, 3, 4, 4, 3, 4, 2, 4, 4, 4, 4, 4, 3, 4, 4, 4, 4, 4, 4, 4, 4, 4, 4, 4, 4, 4, 3, 4, 4, 4, 4, 4, 4, 4, 4, 4]

----------------------------TEST----------------------------


Epochs: 3                 | Train Loss:  0.001                 | Train Accuracy:  0.992                 | Val Loss:  0.122                 | Val Accuracy:  0.000

100%|██████████████████████████████████████████████████████████████████████████████████████████████████████████████████████████████████████████████████████████████████████████████████████████████████████████████████████████████████████████████████| 64/64 [36:36<00:00, 34.31s/it]


----------------------------TRAIN----------------------------

[[508   0   1   2]
 [  0 509   0   2]
 [  1   0 510   0]
 [  1   0   0 510]]
              precision    recall  f1-score   support

           0       1.00      0.99      1.00       511
           2       1.00      1.00      1.00       511
           3       1.00      1.00      1.00       511
           4       0.99      1.00      1.00       511

    accuracy                           1.00      2044
   macro avg       1.00      1.00      1.00      2044
weighted avg       1.00      1.00      1.00      2044


ground truth: [3, 3, 2, 3, 3, 2, 4, 2, 2, 0, 4, 4, 4, 4, 3, 4, 4, 0, 4, 3, 4, 3, 0, 0, 3, 2, 2, 2, 0, 3, 2, 3, 0, 2, 3, 2, 2, 4, 0, 2, 3, 2, 4, 2, 0, 2, 2, 3, 0, 0, 4, 3, 3, 4, 3, 4, 2, 0, 4, 2, 4, 2, 2, 2, 4, 4, 2, 0, 2, 2, 3, 2, 3, 2, 3, 4, 0, 3, 2, 0, 3, 3, 2, 4, 2, 2, 0, 0, 4, 2, 0, 0, 0, 4, 0, 2, 3, 4, 2, 3, 2, 4, 0, 0, 0, 0, 2, 2, 3, 2, 3, 4, 2, 0, 4, 3, 3, 4, 2, 0, 2, 3, 4, 3, 0, 4, 4, 4, 2, 2, 0, 0, 4, 2, 2, 0, 4, 4, 3, 0, 0, 0, 0, 0, 0, 4, 3, 0, 0, 4, 4, 3, 0, 4, 4, 3, 2, 3, 4, 3, 2, 3, 3, 4, 0, 4, 2, 4, 3, 3, 4, 4, 2, 0, 2, 4, 0, 3, 0, 3, 4, 4, 4, 0, 4, 4, 4, 4, 0, 0, 3, 0, 0, 4, 2, 2, 4, 3, 3, 4, 4, 4, 4, 4, 4, 4, 4, 2, 0, 2, 4, 0, 4, 4, 4, 2, 2, 2, 2, 2, 2, 2, 0, 2, 2, 3, 2, 2, 2, 3, 4, 0, 0, 4, 0, 4, 0, 3, 0, 3, 0, 3, 4, 4, 3, 0, 3, 3, 3, 0, 2, 4, 0, 2, 3, 2, 3, 2, 4, 3, 2, 3, 0, 4, 3, 2, 4, 3, 0, 4, 2, 0, 3, 2, 3, 3, 0, 4, 4, 0, 0, 4, 4, 3, 4, 2, 3, 3, 4, 3, 3, 4, 3, 0, 2, 3, 3, 3, 0, 4, 3, 2, 3, 3, 3, 2, 3, 4, 0, 4, 0, 4, 0, 4, 4, 0, 0, 4, 0, 2, 3, 3, 4, 2, 4, 4, 3, 0, 4, 3, 0, 0, 4, 2, 4, 3, 3, 4, 4, 3, 2, 0, 2, 4, 3, 4, 2, 3, 0, 2, 2, 2, 0, 0, 0, 4, 4, 2, 3, 0, 4, 0, 3, 2, 3, 2, 3, 0, 4, 3, 3, 0, 3, 3, 2, 0, 2, 3, 0, 4, 0, 4, 0, 2, 4, 3, 2, 0, 2, 2, 0, 4, 3, 3, 3, 4, 4, 3, 4, 0, 4, 2, 3, 2, 0, 4, 4, 3, 0, 4, 4, 3, 0, 4, 4, 3, 0, 4, 2, 2, 0, 0, 0, 0, 4, 4, 4, 4, 0, 3, 4, 3, 2, 3, 2, 0, 0, 3, 0, 3, 3, 2, 0, 3, 3, 2, 0, 2, 3, 3, 2, 2, 3, 3, 0, 4, 3, 2, 4, 3, 4, 2, 2, 3, 0, 2, 4, 4, 3, 4, 3, 2, 2, 2, 3, 3, 2, 2, 3, 4, 0, 2, 3, 2, 0, 0, 0, 2, 3, 0, 3, 3, 0, 3, 0, 2, 2, 0, 0, 2, 0, 2, 0, 0, 2, 0, 3, 2, 3, 4, 2, 4, 0, 0, 2, 3, 4, 0, 2, 3, 4, 3, 4, 0, 4, 3, 0, 2, 3, 4, 2, 4, 3, 4, 0, 3, 0, 3, 3, 4, 0, 4, 0, 0, 2, 4, 3, 2, 4, 2, 3, 2, 2, 3, 0, 4, 4, 3, 2, 0, 4, 2, 2, 2, 4, 4, 4, 4, 2, 4, 4, 2, 0, 4, 4, 0, 4, 0, 0, 0, 3, 3, 2, 3, 2, 2, 0, 3, 0, 3, 0, 0, 3, 4, 4, 4, 4, 2, 0, 2, 3, 0, 4, 3, 0, 0, 3, 3, 2, 4, 3, 4, 4, 0, 4, 3, 3, 3, 4, 2, 2, 3, 2, 0, 3, 4, 3, 0, 3, 3, 0, 4, 4, 4, 2, 2, 3, 3, 4, 0, 3, 0, 4, 4, 2, 3, 0, 4, 0, 3, 2, 0, 3, 2, 0, 4, 0, 3, 2, 3, 0, 3, 3, 0, 3, 2, 4, 3, 2, 3, 4, 2, 2, 2, 2, 0, 2, 4, 3, 2, 4, 3, 2, 3, 2, 3, 4, 4, 2, 0, 0, 2, 2, 0, 3, 0, 3, 3, 0, 0, 3, 0, 0, 3, 0, 2, 3, 2, 2, 3, 4, 3, 3, 3, 2, 3, 3, 4, 3, 3, 0, 0, 2, 0, 4, 2, 0, 4, 2, 2, 4, 4, 0, 0, 0, 3, 2, 4, 3, 0, 2, 3, 4, 0, 3, 3, 3, 4, 2, 4, 2, 3, 0, 4, 0, 4, 2, 0, 3, 0, 3, 4, 0, 2, 0, 4, 3, 2, 2, 3, 4, 3, 2, 0, 4, 4, 0, 3, 4, 2, 3, 0, 3, 0, 4, 2, 4, 2, 4, 4, 3, 2, 4, 3, 0, 0, 4, 0, 0, 2, 2, 0, 2, 4, 2, 0, 2, 3, 0, 2, 4, 0, 0, 3, 0, 2, 2, 2, 3, 3, 0, 0, 2, 3, 0, 4, 3, 3, 3, 4, 3, 3, 3, 3, 2, 0, 0, 3, 4, 4, 0, 0, 2, 3, 2, 4, 3, 4, 3, 3, 2, 4, 0, 4, 4, 4, 0, 4, 2, 2, 0, 2, 4, 3, 4, 2, 0, 2, 0, 0, 0, 3, 2, 0, 4, 4, 4, 4, 4, 0, 4, 4, 4, 3, 4, 4, 3, 0, 2, 4, 3, 0, 4, 3, 3, 3, 4, 2, 0, 0, 4, 3, 3, 0, 0, 0, 4, 3, 0, 0, 4, 3, 3, 2, 3, 3, 0, 2, 2, 0, 4, 4, 4, 0, 4, 0, 0, 0, 2, 4, 3, 2, 0, 2, 3, 4, 3, 4, 3, 0, 2, 0, 3, 2, 2, 3, 3, 3, 3, 2, 4, 2, 2, 2, 0, 2, 3, 4, 0, 0, 0, 0, 4, 2, 3, 3, 0, 2, 2, 0, 0, 4, 3, 4, 0, 3, 3, 4, 2, 2, 3, 3, 2, 0, 3, 2, 2, 4, 3, 0, 2, 0, 0, 4, 0, 0, 2, 0, 3, 4, 0, 3, 3, 4, 2, 2, 2, 4, 4, 0, 2, 0, 3, 3, 4, 2, 4, 0, 3, 4, 2, 0, 0, 4, 0, 0, 3, 3, 4, 2, 3, 3, 0, 4, 3, 4, 4, 0, 0, 4, 0, 4, 4, 4, 2, 0, 4, 4, 4, 2, 4, 2, 4, 0, 2, 4, 2, 0, 2, 2, 3, 2, 0, 2, 4, 0, 3, 0, 3, 2, 0, 3, 2, 4, 4, 3, 2, 3, 0, 4, 2, 4, 4, 2, 2, 0, 3, 3, 4, 4, 0, 2, 0, 4, 0, 3, 4, 3, 4, 0, 3, 3, 4, 4, 2, 4, 2, 0, 3, 0, 2, 0, 0, 0, 0, 2, 0, 2, 0, 0, 0, 4, 2, 3, 2, 4, 4, 2, 2, 4, 3, 2, 4, 4, 4, 3, 4, 0, 2, 3, 4, 0, 2, 3, 2, 2, 4, 2, 3, 0, 3, 3, 3, 2, 0, 0, 0, 3, 3, 2, 3, 0, 4, 2, 0, 3, 2, 2, 4, 2, 4, 3, 2, 0, 3, 3, 2, 0, 4, 0, 0, 0, 3, 3, 0, 2, 0, 0, 4, 2, 3, 0, 2, 4, 2, 0, 3, 4, 2, 0, 4, 3, 3, 3, 4, 4, 3, 0, 3, 0, 3, 0, 4, 0, 3, 4, 3, 0, 2, 0, 3, 4, 4, 3, 4, 0, 0, 0, 0, 2, 2, 4, 2, 3, 4, 2, 2, 3, 4, 4, 3, 4, 0, 4, 2, 4, 3, 2, 2, 4, 3, 3, 4, 2, 0, 0, 0, 0, 2, 3, 2, 3, 3, 3, 4, 0, 4, 2, 2, 3, 0, 4, 3, 2, 3, 4, 2, 0, 0, 0, 2, 3, 0, 0, 4, 2, 0, 0, 3, 2, 4, 2, 0, 3, 0, 3, 4, 0, 2, 2, 2, 3, 2, 0, 2, 0, 2, 0, 0, 4, 4, 0, 0, 2, 4, 2, 0, 0, 4, 4, 4, 0, 0, 4, 0, 2, 2, 2, 0, 3, 2, 3, 2, 2, 3, 0, 2, 0, 0, 2, 4, 3, 2, 4, 0, 0, 0, 2, 3, 0, 2, 3, 0, 3, 2, 2, 0, 4, 3, 0, 3, 3, 2, 3, 2, 3, 3, 2, 3, 4, 4, 2, 0, 2, 4, 4, 3, 2, 3, 2, 2, 2, 0, 3, 2, 2, 4, 2, 0, 3, 0, 4, 2, 4, 4, 2, 2, 0, 4, 4, 0, 4, 3, 2, 3, 3, 3, 2, 3, 2, 0, 3, 2, 2, 2, 3, 3, 0, 3, 0, 0, 4, 4, 2, 4, 3, 3, 0, 4, 0, 0, 4, 4, 2, 3, 0, 2, 3, 3, 2, 4, 0, 4, 3, 4, 4, 2, 0, 3, 4, 3, 0, 4, 3, 2, 2, 0, 2, 2, 0, 0, 3, 3, 4, 0, 3, 0, 3, 2, 0, 4, 4, 4, 0, 4, 0, 4, 3, 4, 4, 2, 0, 4, 3, 3, 3, 2, 3, 3, 4, 2, 0, 4, 0, 0, 2, 0, 4, 0, 3, 2, 4, 4, 4, 2, 2, 0, 2, 3, 2, 0, 4, 2, 0, 2, 4, 4, 2, 0, 0, 0, 4, 3, 3, 4, 0, 0, 2, 4, 4, 0, 4, 2, 3, 0, 0, 4, 4, 3, 4, 3, 0, 3, 4, 0, 0, 0, 0, 4, 2, 3, 2, 3, 0, 3, 2, 3, 3, 0, 3, 4, 4, 2, 2, 4, 4, 4, 4, 2, 0, 2, 2, 2, 3, 0, 0, 3, 2, 3, 3, 4, 0, 3, 2, 2, 4, 4, 3, 2, 3, 4, 2, 2, 2, 0, 0, 4, 0, 2, 0, 0, 0, 0, 0, 2, 3, 0, 2, 2, 2, 4, 0, 4, 2, 0, 2, 3, 3, 2, 3, 3, 3, 2, 2, 2, 0, 2, 4, 2, 4, 4, 2, 4, 3, 2, 4, 4, 0, 4, 4, 2, 0, 4, 2, 4, 3, 2, 0, 2, 2, 0, 2, 2, 4, 3, 2, 2, 2, 4, 4, 0, 3, 2, 4, 3, 4, 0, 4, 2, 4, 2, 2, 0, 2, 3, 4, 0, 2, 0, 2, 2, 0, 3, 2, 0, 4, 4, 3, 2, 2, 2, 0, 3, 2, 4, 4, 0, 0, 0, 0, 3, 2, 0, 2, 0, 4, 3, 3, 3, 2, 4, 0, 4, 3, 3, 4, 0, 3, 3, 3, 2, 2, 3, 4, 3, 4, 3, 0, 3, 2, 2, 4, 3, 2, 3, 4, 0, 3, 3, 3, 2, 4, 2, 3, 3, 2, 0, 0, 3, 0, 3, 4, 4, 2, 3, 0, 3, 2, 4, 4, 0, 2, 3, 4, 2, 0, 3, 2, 3, 4, 2, 4, 0, 4, 4, 2, 4, 3, 2, 4, 2, 2, 2, 0, 0, 0, 4, 4, 2, 4, 0, 0, 4, 2, 2, 4, 0, 0, 0, 4, 3, 2, 0, 2, 3, 4, 4, 2, 0, 4, 4, 0, 4, 0, 3, 0, 0, 3, 3, 2, 2, 2, 0, 0, 4, 2, 3, 4, 0, 4, 2, 0, 4, 2, 4, 4, 3, 0, 0, 2, 3, 0, 3, 4, 4, 2, 4, 0, 2, 0, 4, 2, 4, 3, 4, 2, 0, 3, 3, 4, 3, 3, 2, 2, 2, 3, 3, 2, 3, 0, 2, 3, 2, 4, 2, 2, 0, 3, 4, 3, 4, 3, 0, 3, 2, 2, 2, 3, 3, 2, 3, 0, 4, 4, 4, 3, 4, 0, 4, 2, 3, 4, 2, 0, 3, 3, 3, 2, 3, 2, 0, 0, 2, 0, 3, 4, 2, 0, 4, 2, 0, 2, 2, 4, 3, 0, 3, 4, 3, 0, 0, 4, 2, 4, 3, 0, 2, 3, 3, 3, 0, 4, 2, 4, 0, 0, 0, 4, 4, 2, 3, 2, 0, 4, 0, 2, 4, 3, 3, 0, 4, 4, 0, 0, 2, 2, 3, 3, 2, 0, 3, 2, 4, 0, 4, 2, 3, 2, 3, 0, 3, 4, 3, 4, 2, 4, 3, 4, 0, 3, 4, 3, 3, 2, 3, 3, 0, 2, 4, 0, 2, 0, 2, 0, 2, 3, 4, 3, 3, 0, 2, 3, 4, 2, 0, 4, 4, 4, 3, 0, 2, 4, 0, 2, 2, 3, 4, 0, 4, 2, 3, 4, 0, 3, 3, 0, 0, 3, 4, 3, 0, 2, 4, 3]
prediction:   [3, 3, 2, 3, 3, 2, 4, 2, 2, 0, 4, 4, 4, 4, 3, 4, 4, 0, 4, 3, 4, 3, 0, 0, 3, 2, 2, 2, 0, 3, 2, 3, 0, 2, 3, 2, 2, 4, 0, 2, 3, 2, 4, 2, 0, 2, 2, 3, 0, 0, 4, 3, 3, 4, 3, 4, 2, 0, 4, 2, 4, 2, 2, 2, 4, 4, 2, 0, 2, 2, 3, 2, 3, 2, 3, 4, 0, 3, 2, 0, 3, 3, 2, 4, 2, 2, 0, 0, 4, 2, 0, 0, 0, 4, 0, 2, 3, 4, 2, 3, 2, 4, 0, 0, 0, 0, 2, 2, 3, 2, 3, 4, 2, 0, 4, 3, 3, 4, 2, 4, 2, 3, 4, 3, 0, 4, 4, 4, 2, 2, 0, 0, 4, 2, 2, 0, 4, 4, 3, 0, 0, 0, 0, 0, 0, 4, 3, 0, 0, 4, 4, 3, 0, 4, 4, 3, 2, 3, 4, 3, 2, 3, 3, 4, 0, 4, 2, 4, 3, 3, 4, 4, 2, 0, 2, 4, 0, 3, 0, 3, 4, 4, 4, 0, 4, 4, 4, 4, 0, 0, 3, 0, 0, 4, 2, 2, 4, 3, 3, 4, 4, 4, 4, 4, 4, 4, 4, 2, 0, 2, 4, 0, 4, 4, 4, 2, 2, 2, 2, 2, 2, 2, 0, 2, 2, 3, 2, 2, 2, 3, 4, 0, 0, 4, 0, 4, 0, 3, 0, 3, 0, 3, 4, 4, 3, 0, 3, 3, 3, 0, 2, 4, 0, 2, 3, 2, 3, 2, 4, 3, 2, 3, 0, 4, 3, 2, 4, 3, 0, 4, 2, 0, 3, 2, 3, 3, 0, 4, 4, 0, 0, 4, 4, 3, 4, 2, 3, 3, 4, 3, 3, 4, 3, 0, 2, 3, 3, 3, 0, 4, 3, 2, 3, 3, 3, 2, 3, 4, 0, 4, 0, 4, 0, 4, 4, 0, 0, 4, 0, 2, 3, 3, 4, 2, 4, 4, 3, 0, 4, 3, 0, 0, 4, 2, 4, 3, 3, 4, 4, 3, 2, 0, 2, 4, 3, 4, 2, 3, 0, 2, 2, 2, 0, 0, 0, 4, 4, 2, 3, 0, 4, 0, 3, 2, 3, 2, 3, 0, 4, 3, 3, 3, 3, 3, 2, 0, 2, 3, 0, 4, 0, 4, 0, 2, 4, 3, 2, 0, 2, 2, 0, 4, 3, 3, 3, 4, 4, 3, 4, 0, 4, 2, 3, 2, 0, 4, 4, 3, 0, 4, 4, 3, 0, 4, 4, 3, 0, 4, 2, 2, 0, 0, 0, 0, 4, 4, 4, 4, 0, 3, 4, 3, 2, 3, 2, 0, 0, 3, 4, 3, 3, 2, 0, 3, 3, 2, 0, 2, 3, 3, 2, 2, 3, 3, 0, 4, 3, 2, 4, 3, 4, 2, 2, 3, 0, 2, 4, 4, 3, 4, 3, 2, 2, 2, 3, 3, 2, 2, 3, 4, 0, 2, 3, 2, 0, 0, 0, 2, 3, 0, 3, 3, 0, 3, 0, 2, 2, 0, 0, 2, 0, 2, 0, 0, 2, 0, 3, 2, 3, 4, 2, 4, 0, 0, 2, 3, 4, 0, 2, 3, 4, 3, 4, 0, 4, 3, 0, 2, 3, 4, 2, 4, 3, 4, 0, 3, 0, 3, 3, 4, 0, 4, 0, 0, 2, 4, 3, 2, 4, 2, 3, 2, 2, 3, 0, 4, 4, 3, 2, 0, 4, 2, 2, 2, 4, 4, 4, 4, 2, 4, 4, 2, 0, 4, 4, 0, 4, 0, 0, 0, 3, 3, 2, 3, 2, 2, 0, 0, 0, 3, 0, 0, 3, 4, 4, 4, 4, 2, 0, 2, 3, 0, 4, 3, 0, 0, 3, 3, 2, 4, 3, 4, 4, 0, 4, 3, 3, 3, 4, 2, 2, 3, 2, 0, 3, 4, 3, 0, 3, 3, 0, 4, 4, 4, 2, 2, 3, 3, 4, 0, 3, 0, 4, 4, 2, 3, 0, 4, 0, 3, 2, 0, 3, 2, 0, 4, 0, 3, 2, 3, 0, 3, 3, 0, 3, 2, 4, 3, 2, 3, 4, 2, 2, 2, 2, 0, 2, 4, 3, 2, 4, 3, 2, 3, 2, 3, 4, 4, 2, 0, 0, 2, 2, 0, 3, 0, 3, 3, 0, 0, 3, 0, 0, 3, 0, 2, 3, 2, 2, 3, 4, 3, 3, 3, 2, 3, 3, 4, 3, 3, 0, 0, 2, 0, 4, 2, 0, 4, 2, 2, 4, 4, 0, 0, 0, 3, 2, 4, 3, 0, 2, 3, 4, 0, 3, 3, 3, 4, 2, 4, 2, 3, 0, 4, 0, 4, 2, 0, 3, 0, 3, 4, 0, 2, 0, 4, 3, 2, 2, 3, 4, 3, 2, 0, 4, 4, 0, 3, 4, 2, 3, 0, 3, 0, 4, 2, 4, 2, 4, 4, 3, 2, 4, 3, 0, 0, 4, 0, 0, 2, 2, 0, 2, 4, 2, 0, 2, 3, 0, 2, 4, 0, 0, 3, 0, 2, 2, 2, 3, 3, 0, 0, 2, 3, 0, 4, 3, 3, 3, 4, 3, 3, 3, 3, 2, 0, 0, 3, 4, 4, 0, 0, 2, 3, 2, 4, 3, 4, 3, 3, 2, 4, 0, 4, 4, 4, 0, 4, 2, 2, 0, 2, 4, 3, 4, 2, 0, 2, 0, 0, 0, 3, 2, 0, 4, 4, 4, 4, 4, 0, 4, 4, 4, 3, 4, 4, 3, 0, 2, 4, 3, 0, 4, 3, 3, 3, 4, 2, 0, 0, 4, 3, 3, 0, 0, 0, 4, 3, 0, 0, 4, 3, 3, 2, 3, 3, 0, 2, 2, 0, 4, 4, 4, 0, 4, 0, 0, 0, 2, 4, 3, 2, 0, 2, 3, 4, 3, 4, 3, 0, 2, 0, 3, 2, 2, 3, 3, 3, 3, 2, 4, 2, 2, 2, 0, 2, 3, 4, 0, 0, 0, 0, 4, 2, 3, 3, 0, 2, 2, 0, 0, 4, 3, 4, 0, 3, 3, 4, 2, 2, 3, 3, 2, 0, 3, 2, 2, 4, 3, 0, 2, 0, 0, 4, 0, 0, 2, 0, 3, 4, 0, 3, 3, 4, 2, 2, 2, 4, 4, 0, 2, 0, 3, 3, 4, 2, 4, 0, 3, 4, 2, 0, 0, 4, 0, 0, 3, 3, 4, 2, 3, 3, 0, 4, 3, 4, 4, 0, 0, 4, 0, 4, 4, 4, 2, 0, 4, 4, 4, 2, 4, 2, 4, 0, 4, 4, 2, 0, 2, 2, 3, 2, 0, 2, 4, 0, 3, 0, 3, 2, 0, 3, 2, 4, 4, 3, 2, 3, 0, 4, 2, 4, 4, 2, 2, 0, 3, 3, 4, 4, 0, 2, 0, 4, 0, 3, 4, 3, 4, 0, 3, 3, 4, 4, 2, 4, 2, 0, 3, 0, 2, 0, 0, 0, 0, 2, 0, 2, 0, 0, 0, 4, 2, 3, 2, 4, 4, 2, 2, 4, 3, 2, 4, 4, 4, 3, 4, 0, 2, 3, 4, 0, 2, 3, 2, 2, 4, 2, 3, 0, 3, 3, 3, 2, 0, 0, 0, 3, 3, 2, 3, 0, 4, 2, 0, 3, 2, 2, 4, 2, 4, 3, 2, 0, 3, 3, 2, 0, 4, 0, 0, 0, 3, 3, 0, 2, 0, 0, 4, 2, 3, 0, 2, 4, 2, 0, 3, 4, 2, 0, 4, 3, 3, 3, 4, 4, 3, 0, 3, 0, 3, 0, 4, 0, 3, 4, 3, 0, 2, 0, 3, 4, 4, 3, 4, 0, 0, 0, 0, 2, 2, 4, 2, 3, 4, 2, 2, 3, 4, 4, 3, 4, 0, 4, 2, 4, 3, 2, 2, 4, 3, 3, 4, 2, 0, 0, 0, 0, 2, 3, 2, 3, 3, 3, 4, 0, 0, 2, 2, 3, 0, 4, 3, 2, 3, 4, 2, 0, 0, 0, 2, 3, 0, 0, 4, 2, 0, 0, 3, 2, 4, 2, 0, 3, 0, 3, 4, 0, 2, 2, 2, 3, 2, 0, 2, 0, 2, 0, 0, 4, 4, 0, 0, 2, 4, 2, 0, 0, 4, 4, 4, 0, 0, 4, 0, 2, 2, 2, 0, 3, 2, 3, 2, 2, 3, 0, 2, 0, 0, 2, 4, 3, 2, 4, 0, 0, 0, 2, 3, 0, 2, 3, 0, 3, 2, 2, 0, 4, 3, 0, 3, 3, 2, 3, 2, 3, 3, 2, 3, 4, 4, 2, 0, 2, 4, 4, 3, 2, 3, 2, 2, 2, 0, 3, 2, 2, 4, 2, 0, 3, 0, 4, 2, 4, 4, 2, 2, 0, 4, 4, 0, 4, 3, 2, 3, 3, 3, 2, 3, 2, 0, 3, 2, 2, 2, 3, 3, 0, 3, 0, 0, 4, 4, 2, 4, 3, 3, 0, 4, 0, 0, 4, 4, 2, 3, 0, 2, 3, 3, 2, 4, 0, 4, 3, 4, 4, 2, 0, 3, 4, 3, 0, 4, 3, 2, 2, 0, 2, 2, 0, 0, 3, 3, 4, 0, 3, 0, 3, 2, 0, 4, 4, 4, 0, 4, 0, 4, 3, 4, 4, 2, 0, 4, 3, 3, 3, 2, 3, 3, 4, 2, 0, 4, 0, 0, 2, 0, 4, 0, 3, 2, 4, 4, 4, 2, 2, 0, 2, 3, 2, 0, 4, 2, 0, 2, 4, 4, 2, 0, 0, 0, 4, 3, 3, 4, 0, 0, 2, 4, 4, 0, 4, 2, 3, 0, 0, 4, 4, 3, 4, 3, 0, 3, 4, 0, 0, 0, 0, 4, 2, 3, 2, 3, 0, 3, 2, 3, 3, 0, 3, 4, 4, 2, 2, 4, 4, 4, 4, 2, 0, 2, 2, 2, 3, 0, 0, 3, 2, 3, 3, 4, 0, 3, 2, 2, 4, 4, 3, 2, 3, 4, 2, 2, 2, 0, 0, 4, 0, 2, 0, 0, 0, 0, 0, 2, 3, 0, 2, 2, 2, 4, 0, 4, 2, 0, 2, 3, 3, 2, 3, 3, 3, 2, 2, 2, 0, 2, 4, 2, 4, 4, 2, 4, 3, 2, 4, 4, 0, 4, 4, 2, 0, 4, 2, 4, 3, 2, 0, 2, 2, 0, 2, 2, 4, 3, 2, 2, 2, 4, 4, 0, 3, 2, 4, 3, 4, 0, 4, 2, 4, 2, 2, 0, 2, 3, 4, 0, 2, 0, 2, 2, 0, 3, 2, 0, 4, 4, 3, 2, 2, 2, 0, 3, 2, 4, 4, 0, 0, 0, 0, 3, 2, 0, 2, 0, 4, 3, 3, 3, 2, 4, 0, 4, 3, 3, 4, 0, 3, 3, 3, 2, 2, 3, 4, 3, 4, 3, 0, 3, 2, 2, 4, 3, 2, 3, 4, 0, 3, 3, 3, 4, 4, 2, 3, 3, 2, 0, 0, 3, 0, 3, 4, 4, 2, 3, 0, 3, 2, 4, 4, 0, 2, 3, 4, 2, 0, 3, 2, 3, 4, 2, 4, 0, 4, 4, 2, 4, 3, 2, 4, 2, 2, 2, 0, 0, 0, 4, 4, 2, 4, 0, 0, 4, 2, 2, 4, 0, 0, 0, 4, 3, 2, 0, 2, 3, 4, 4, 2, 0, 4, 4, 0, 4, 0, 3, 0, 0, 3, 3, 2, 2, 2, 0, 0, 4, 2, 3, 4, 0, 4, 2, 0, 4, 2, 4, 4, 3, 0, 0, 2, 3, 0, 3, 4, 4, 2, 4, 0, 2, 0, 4, 2, 4, 3, 4, 2, 0, 3, 3, 4, 3, 3, 2, 2, 2, 3, 3, 2, 3, 0, 2, 3, 2, 4, 2, 2, 0, 3, 4, 3, 4, 3, 0, 3, 2, 2, 2, 3, 3, 2, 3, 0, 4, 4, 4, 3, 4, 0, 4, 2, 3, 4, 2, 0, 3, 3, 3, 2, 3, 2, 0, 0, 2, 0, 3, 4, 2, 0, 4, 2, 0, 2, 2, 4, 3, 0, 3, 4, 3, 0, 0, 4, 2, 4, 3, 0, 2, 3, 3, 3, 0, 4, 2, 4, 0, 0, 0, 4, 4, 2, 3, 2, 0, 4, 0, 2, 4, 3, 3, 0, 4, 4, 0, 0, 2, 2, 3, 3, 2, 0, 3, 2, 4, 0, 4, 2, 3, 2, 3, 0, 3, 4, 3, 4, 2, 4, 3, 4, 0, 3, 4, 3, 3, 2, 3, 3, 0, 2, 4, 0, 2, 0, 2, 0, 2, 3, 4, 3, 3, 0, 2, 3, 4, 2, 0, 4, 4, 4, 3, 0, 2, 4, 0, 2, 2, 3, 4, 0, 4, 2, 3, 4, 0, 3, 3, 0, 0, 3, 4, 3, 0, 2, 4, 3]

----------------------------TRAIN----------------------------


----------------------------TEST----------------------------

[[  0   0   0   0   0]
 [105   0 204 120  82]
 [  0   0   0   0   0]
 [  0   0   0   0   0]
 [  0   0   0   0   0]]
              precision    recall  f1-score   support

           0       0.00      0.00      0.00       0.0
           1       0.00      0.00      0.00     511.0
           2       0.00      0.00      0.00       0.0
           3       0.00      0.00      0.00       0.0
           4       0.00      0.00      0.00       0.0

    accuracy                           0.00     511.0
   macro avg       0.00      0.00      0.00     511.0
weighted avg       0.00      0.00      0.00     511.0


ground truth: [1, 1, 1, 1, 1, 1, 1, 1, 1, 1, 1, 1, 1, 1, 1, 1, 1, 1, 1, 1, 1, 1, 1, 1, 1, 1, 1, 1, 1, 1, 1, 1, 1, 1, 1, 1, 1, 1, 1, 1, 1, 1, 1, 1, 1, 1, 1, 1, 1, 1, 1, 1, 1, 1, 1, 1, 1, 1, 1, 1, 1, 1, 1, 1, 1, 1, 1, 1, 1, 1, 1, 1, 1, 1, 1, 1, 1, 1, 1, 1, 1, 1, 1, 1, 1, 1, 1, 1, 1, 1, 1, 1, 1, 1, 1, 1, 1, 1, 1, 1, 1, 1, 1, 1, 1, 1, 1, 1, 1, 1, 1, 1, 1, 1, 1, 1, 1, 1, 1, 1, 1, 1, 1, 1, 1, 1, 1, 1, 1, 1, 1, 1, 1, 1, 1, 1, 1, 1, 1, 1, 1, 1, 1, 1, 1, 1, 1, 1, 1, 1, 1, 1, 1, 1, 1, 1, 1, 1, 1, 1, 1, 1, 1, 1, 1, 1, 1, 1, 1, 1, 1, 1, 1, 1, 1, 1, 1, 1, 1, 1, 1, 1, 1, 1, 1, 1, 1, 1, 1, 1, 1, 1, 1, 1, 1, 1, 1, 1, 1, 1, 1, 1, 1, 1, 1, 1, 1, 1, 1, 1, 1, 1, 1, 1, 1, 1, 1, 1, 1, 1, 1, 1, 1, 1, 1, 1, 1, 1, 1, 1, 1, 1, 1, 1, 1, 1, 1, 1, 1, 1, 1, 1, 1, 1, 1, 1, 1, 1, 1, 1, 1, 1, 1, 1, 1, 1, 1, 1, 1, 1, 1, 1, 1, 1, 1, 1, 1, 1, 1, 1, 1, 1, 1, 1, 1, 1, 1, 1, 1, 1, 1, 1, 1, 1, 1, 1, 1, 1, 1, 1, 1, 1, 1, 1, 1, 1, 1, 1, 1, 1, 1, 1, 1, 1, 1, 1, 1, 1, 1, 1, 1, 1, 1, 1, 1, 1, 1, 1, 1, 1, 1, 1, 1, 1, 1, 1, 1, 1, 1, 1, 1, 1, 1, 1, 1, 1, 1, 1, 1, 1, 1, 1, 1, 1, 1, 1, 1, 1, 1, 1, 1, 1, 1, 1, 1, 1, 1, 1, 1, 1, 1, 1, 1, 1, 1, 1, 1, 1, 1, 1, 1, 1, 1, 1, 1, 1, 1, 1, 1, 1, 1, 1, 1, 1, 1, 1, 1, 1, 1, 1, 1, 1, 1, 1, 1, 1, 1, 1, 1, 1, 1, 1, 1, 1, 1, 1, 1, 1, 1, 1, 1, 1, 1, 1, 1, 1, 1, 1, 1, 1, 1, 1, 1, 1, 1, 1, 1, 1, 1, 1, 1, 1, 1, 1, 1, 1, 1, 1, 1, 1, 1, 1, 1, 1, 1, 1, 1, 1, 1, 1, 1, 1, 1, 1, 1, 1, 1, 1, 1, 1, 1, 1, 1, 1, 1, 1, 1, 1, 1, 1, 1, 1, 1, 1, 1, 1, 1, 1, 1, 1, 1, 1, 1, 1, 1, 1, 1, 1, 1, 1, 1, 1, 1, 1, 1, 1, 1, 1, 1, 1, 1, 1, 1, 1, 1, 1, 1, 1, 1, 1, 1]
prediction:   [2, 3, 0, 2, 2, 0, 3, 3, 2, 4, 4, 2, 2, 0, 2, 2, 3, 2, 4, 3, 2, 3, 2, 4, 4, 2, 2, 2, 0, 0, 3, 3, 4, 3, 2, 3, 4, 0, 2, 2, 2, 2, 0, 2, 0, 2, 4, 4, 3, 2, 3, 3, 2, 4, 2, 3, 2, 0, 3, 2, 0, 4, 0, 4, 2, 3, 0, 3, 4, 3, 3, 2, 0, 0, 2, 3, 3, 0, 2, 2, 0, 2, 3, 3, 0, 3, 4, 3, 3, 3, 0, 3, 0, 3, 2, 3, 0, 0, 3, 3, 2, 3, 3, 2, 3, 3, 0, 0, 3, 2, 2, 3, 4, 0, 4, 3, 3, 0, 4, 2, 2, 3, 2, 3, 0, 3, 4, 3, 2, 2, 3, 3, 3, 2, 3, 2, 0, 0, 0, 0, 4, 2, 0, 2, 3, 3, 2, 4, 3, 0, 3, 3, 3, 2, 4, 0, 0, 0, 0, 0, 2, 3, 2, 3, 0, 0, 0, 4, 0, 2, 4, 3, 4, 0, 3, 4, 0, 4, 2, 3, 3, 0, 4, 4, 3, 2, 2, 2, 0, 2, 3, 3, 4, 4, 3, 4, 3, 4, 2, 2, 2, 2, 2, 2, 0, 3, 3, 3, 3, 2, 2, 0, 0, 3, 4, 2, 3, 2, 2, 4, 0, 2, 4, 4, 2, 2, 2, 4, 0, 2, 3, 3, 2, 2, 2, 0, 3, 3, 3, 2, 0, 0, 0, 2, 0, 0, 2, 3, 0, 0, 3, 0, 0, 0, 0, 0, 2, 0, 2, 0, 3, 2, 2, 2, 2, 0, 4, 0, 2, 0, 4, 4, 0, 0, 2, 0, 2, 3, 3, 2, 0, 3, 0, 4, 0, 2, 3, 0, 2, 3, 3, 0, 2, 0, 2, 0, 3, 0, 3, 4, 0, 4, 3, 3, 0, 0, 4, 0, 4, 0, 3, 0, 2, 2, 3, 3, 0, 2, 0, 0, 0, 4, 4, 0, 3, 2, 3, 0, 3, 2, 0, 3, 0, 0, 2, 4, 2, 0, 2, 4, 2, 4, 3, 3, 0, 3, 0, 2, 2, 2, 3, 2, 0, 4, 3, 0, 2, 3, 4, 4, 3, 2, 3, 0, 2, 2, 4, 2, 4, 3, 3, 2, 4, 2, 2, 2, 2, 4, 2, 4, 2, 2, 3, 0, 2, 0, 2, 2, 2, 2, 2, 2, 2, 3, 4, 4, 2, 4, 2, 0, 2, 2, 2, 2, 4, 2, 2, 3, 2, 4, 4, 2, 2, 2, 0, 4, 2, 2, 4, 2, 2, 2, 4, 3, 2, 2, 2, 2, 4, 2, 2, 2, 2, 4, 3, 2, 3, 2, 2, 4, 2, 3, 2, 2, 2, 2, 2, 4, 2, 2, 2, 2, 3, 4, 4, 2, 3, 2, 2, 2, 2, 2, 2, 4, 2, 2, 2, 2, 2, 2, 2, 4, 4, 4, 2, 2, 2, 3, 4, 2, 2, 2, 2, 2, 2, 2, 2, 3, 2, 2, 2, 2, 2, 2, 3, 2, 2, 2, 4, 0, 4, 3, 3, 4, 2, 2, 2, 2, 2, 2, 4]

----------------------------TEST----------------------------


Epochs: 4                 | Train Loss:  0.001                 | Train Accuracy:  0.997                 | Val Loss:  0.120                 | Val Accuracy:  0.000

100%|██████████████████████████████████████████████████████████████████████████████████████████████████████████████████████████████████████████████████████████████████████████████████████████████████████████████████████████████████████████████████| 64/64 [36:47<00:00, 34.50s/it]


----------------------------TRAIN----------------------------

[[509   0   0   2]
 [  1 509   0   1]
 [  0   0 511   0]
 [  2   0   0 509]]
              precision    recall  f1-score   support

           0       0.99      1.00      1.00       511
           2       1.00      1.00      1.00       511
           3       1.00      1.00      1.00       511
           4       0.99      1.00      1.00       511

    accuracy                           1.00      2044
   macro avg       1.00      1.00      1.00      2044
weighted avg       1.00      1.00      1.00      2044


ground truth: [4, 2, 0, 0, 0, 4, 2, 3, 0, 4, 0, 2, 2, 0, 3, 4, 4, 3, 3, 0, 4, 0, 4, 2, 2, 2, 4, 0, 2, 3, 0, 0, 2, 4, 4, 3, 2, 4, 4, 4, 0, 3, 3, 3, 4, 3, 2, 3, 4, 0, 2, 4, 4, 4, 4, 3, 3, 3, 3, 4, 3, 0, 2, 2, 4, 4, 2, 3, 0, 4, 0, 2, 2, 3, 2, 3, 4, 3, 3, 0, 2, 2, 4, 0, 4, 4, 2, 4, 4, 3, 4, 4, 4, 0, 3, 0, 2, 3, 4, 0, 4, 0, 4, 4, 2, 4, 3, 2, 0, 0, 3, 0, 4, 2, 2, 0, 3, 4, 4, 2, 3, 4, 3, 0, 2, 3, 0, 0, 2, 4, 4, 2, 2, 3, 4, 4, 3, 3, 3, 4, 4, 4, 2, 3, 4, 0, 3, 4, 2, 3, 0, 0, 0, 2, 0, 2, 4, 0, 3, 3, 3, 0, 3, 0, 4, 3, 4, 0, 0, 0, 0, 3, 3, 0, 2, 2, 3, 3, 0, 2, 0, 4, 0, 4, 4, 4, 2, 2, 2, 4, 0, 0, 3, 0, 0, 0, 4, 2, 3, 0, 0, 0, 0, 4, 4, 0, 3, 2, 4, 2, 2, 0, 2, 2, 0, 0, 0, 4, 4, 0, 0, 0, 4, 0, 3, 2, 4, 4, 0, 3, 4, 3, 2, 0, 4, 0, 0, 2, 2, 2, 4, 2, 2, 3, 3, 3, 2, 2, 4, 2, 4, 2, 0, 2, 2, 3, 3, 4, 0, 0, 3, 4, 3, 4, 2, 0, 2, 0, 2, 4, 4, 3, 0, 2, 4, 3, 2, 0, 2, 0, 2, 3, 2, 3, 0, 2, 0, 0, 2, 4, 4, 2, 0, 2, 3, 0, 3, 0, 4, 4, 2, 2, 4, 2, 2, 2, 2, 3, 3, 3, 2, 3, 4, 0, 0, 4, 3, 3, 4, 3, 3, 2, 0, 2, 0, 0, 4, 3, 2, 3, 0, 3, 4, 2, 3, 4, 4, 2, 0, 0, 2, 2, 2, 2, 4, 2, 0, 4, 4, 2, 0, 2, 2, 0, 3, 4, 2, 2, 4, 3, 3, 4, 4, 4, 0, 0, 3, 0, 3, 4, 4, 3, 0, 3, 4, 3, 3, 3, 0, 3, 0, 2, 2, 4, 4, 0, 3, 0, 3, 0, 3, 3, 2, 3, 3, 2, 2, 4, 3, 2, 2, 0, 4, 0, 0, 2, 0, 0, 3, 0, 0, 2, 0, 3, 2, 2, 3, 2, 4, 0, 4, 3, 3, 2, 0, 3, 4, 4, 0, 2, 2, 2, 2, 0, 4, 3, 2, 3, 4, 2, 0, 3, 4, 0, 2, 2, 2, 2, 2, 2, 4, 4, 0, 4, 3, 0, 4, 0, 4, 3, 4, 2, 0, 0, 2, 0, 2, 3, 3, 2, 4, 0, 2, 3, 4, 3, 3, 0, 2, 2, 4, 3, 3, 0, 0, 0, 3, 0, 2, 0, 2, 2, 4, 2, 2, 0, 4, 0, 0, 2, 0, 2, 2, 4, 4, 0, 0, 3, 2, 4, 3, 0, 4, 4, 4, 2, 3, 3, 0, 0, 2, 4, 3, 4, 2, 2, 0, 3, 4, 4, 2, 4, 3, 2, 4, 3, 0, 0, 4, 4, 0, 0, 0, 4, 2, 2, 3, 3, 3, 2, 2, 0, 4, 2, 3, 2, 2, 0, 0, 0, 4, 2, 2, 4, 4, 0, 0, 0, 0, 4, 3, 2, 4, 3, 3, 4, 0, 0, 2, 3, 0, 2, 3, 4, 2, 0, 4, 4, 0, 2, 4, 3, 4, 4, 2, 0, 4, 4, 4, 2, 0, 3, 4, 3, 2, 2, 2, 3, 4, 0, 0, 0, 2, 0, 4, 2, 0, 3, 4, 0, 2, 4, 4, 4, 3, 0, 0, 0, 2, 4, 0, 2, 3, 0, 4, 0, 3, 2, 0, 3, 4, 2, 0, 0, 3, 2, 2, 0, 3, 3, 0, 3, 3, 4, 3, 3, 0, 0, 0, 3, 2, 0, 4, 2, 2, 3, 0, 3, 2, 0, 4, 3, 0, 3, 0, 3, 4, 2, 4, 3, 3, 0, 2, 2, 2, 3, 0, 0, 3, 4, 2, 3, 0, 0, 3, 3, 0, 4, 2, 0, 0, 3, 0, 2, 3, 0, 3, 2, 0, 3, 4, 3, 3, 0, 3, 2, 3, 4, 4, 3, 3, 4, 2, 0, 0, 3, 3, 3, 0, 4, 2, 2, 0, 3, 3, 4, 0, 2, 3, 2, 0, 2, 0, 4, 2, 2, 4, 4, 4, 0, 2, 4, 2, 2, 0, 4, 3, 2, 3, 0, 4, 4, 0, 4, 0, 0, 0, 0, 4, 2, 2, 4, 0, 3, 2, 2, 0, 0, 0, 4, 0, 0, 3, 4, 2, 0, 4, 0, 2, 3, 2, 2, 0, 3, 0, 0, 2, 2, 2, 0, 4, 3, 0, 3, 0, 4, 2, 4, 2, 3, 0, 2, 2, 0, 4, 4, 4, 3, 4, 2, 3, 2, 2, 4, 0, 3, 4, 2, 3, 2, 0, 0, 3, 3, 3, 0, 2, 2, 2, 3, 3, 3, 3, 4, 3, 4, 3, 2, 3, 3, 3, 4, 4, 0, 2, 4, 4, 4, 4, 2, 4, 4, 2, 2, 2, 3, 0, 4, 2, 3, 4, 4, 3, 0, 3, 4, 2, 3, 4, 0, 2, 2, 0, 4, 3, 3, 2, 0, 3, 4, 2, 2, 2, 2, 2, 2, 0, 4, 4, 4, 0, 3, 4, 3, 4, 0, 0, 3, 3, 2, 2, 4, 2, 2, 0, 3, 2, 3, 3, 0, 2, 2, 0, 4, 0, 0, 4, 4, 3, 0, 3, 3, 3, 4, 0, 0, 0, 2, 4, 3, 4, 0, 2, 3, 0, 4, 2, 0, 2, 0, 0, 0, 4, 3, 0, 0, 4, 3, 2, 0, 0, 2, 2, 3, 2, 2, 2, 0, 3, 3, 3, 2, 0, 0, 0, 0, 3, 2, 4, 0, 4, 2, 2, 4, 2, 3, 3, 2, 0, 3, 3, 2, 4, 3, 0, 0, 3, 2, 4, 3, 2, 0, 2, 4, 0, 3, 0, 4, 2, 0, 0, 3, 3, 2, 3, 2, 3, 4, 4, 2, 0, 3, 0, 3, 4, 2, 3, 0, 4, 2, 4, 3, 4, 3, 0, 0, 3, 3, 4, 4, 2, 2, 0, 3, 2, 0, 2, 0, 3, 4, 3, 2, 3, 3, 2, 0, 4, 2, 4, 0, 3, 0, 3, 2, 0, 2, 0, 2, 2, 3, 2, 4, 0, 4, 0, 3, 4, 2, 2, 2, 0, 2, 0, 0, 2, 4, 3, 3, 4, 4, 2, 3, 2, 3, 4, 4, 3, 4, 3, 4, 4, 3, 3, 4, 2, 3, 4, 2, 0, 2, 0, 2, 4, 3, 3, 4, 2, 0, 2, 3, 0, 0, 0, 3, 0, 0, 3, 3, 3, 3, 4, 0, 3, 0, 3, 4, 4, 3, 4, 4, 4, 4, 3, 0, 4, 4, 3, 3, 4, 2, 2, 4, 3, 3, 0, 4, 3, 4, 3, 0, 2, 2, 4, 3, 3, 2, 4, 4, 2, 2, 2, 2, 0, 3, 4, 4, 0, 2, 4, 3, 3, 4, 2, 3, 0, 4, 0, 4, 0, 4, 3, 4, 0, 2, 4, 3, 4, 0, 3, 4, 0, 0, 2, 2, 4, 3, 0, 3, 0, 0, 4, 2, 4, 0, 0, 0, 4, 4, 3, 3, 4, 0, 0, 3, 3, 0, 0, 3, 4, 2, 0, 0, 4, 3, 3, 2, 3, 4, 4, 2, 3, 3, 2, 3, 4, 0, 3, 2, 3, 4, 4, 4, 2, 2, 0, 0, 2, 0, 4, 2, 0, 3, 4, 3, 3, 4, 4, 3, 3, 0, 2, 2, 2, 4, 2, 2, 0, 3, 0, 0, 0, 3, 3, 4, 4, 2, 3, 3, 2, 2, 0, 3, 4, 2, 2, 3, 4, 3, 2, 3, 3, 2, 4, 2, 2, 2, 2, 2, 2, 2, 4, 2, 4, 4, 0, 2, 3, 4, 3, 4, 2, 0, 0, 2, 2, 0, 3, 3, 4, 0, 3, 4, 0, 2, 3, 3, 2, 3, 2, 3, 0, 2, 3, 4, 3, 2, 4, 2, 3, 0, 3, 3, 2, 0, 3, 4, 0, 0, 4, 2, 4, 3, 4, 2, 3, 0, 2, 0, 4, 2, 0, 4, 4, 0, 4, 3, 0, 3, 3, 2, 4, 0, 3, 0, 3, 3, 2, 2, 3, 2, 2, 3, 2, 4, 2, 3, 2, 3, 0, 4, 3, 0, 0, 2, 3, 0, 2, 0, 2, 4, 3, 4, 0, 2, 3, 0, 3, 2, 3, 3, 4, 3, 3, 3, 0, 2, 3, 2, 4, 3, 4, 4, 4, 2, 0, 0, 2, 4, 3, 4, 2, 0, 2, 2, 0, 3, 3, 4, 2, 3, 2, 3, 2, 3, 0, 4, 2, 4, 4, 2, 0, 0, 2, 0, 4, 0, 2, 2, 0, 2, 2, 3, 2, 0, 2, 2, 0, 3, 3, 4, 0, 2, 0, 4, 2, 4, 4, 4, 0, 3, 4, 3, 4, 2, 2, 2, 0, 3, 0, 0, 0, 3, 2, 3, 3, 2, 4, 4, 0, 4, 4, 0, 2, 3, 0, 3, 4, 2, 0, 4, 0, 4, 3, 3, 0, 4, 3, 2, 0, 4, 3, 0, 3, 3, 2, 4, 3, 3, 2, 0, 0, 0, 3, 3, 4, 3, 3, 3, 0, 4, 4, 0, 2, 4, 2, 4, 4, 2, 4, 4, 3, 3, 2, 4, 4, 4, 0, 0, 3, 0, 2, 0, 4, 2, 4, 2, 3, 3, 0, 4, 4, 4, 4, 0, 2, 0, 4, 4, 3, 4, 4, 0, 4, 4, 2, 2, 0, 4, 0, 3, 4, 2, 0, 0, 0, 3, 2, 0, 2, 0, 4, 2, 0, 0, 4, 2, 4, 3, 2, 2, 3, 3, 4, 4, 0, 2, 2, 0, 4, 2, 4, 4, 4, 4, 0, 4, 0, 2, 3, 3, 3, 3, 3, 0, 4, 0, 0, 2, 4, 0, 3, 3, 4, 3, 4, 0, 3, 2, 4, 3, 4, 4, 3, 3, 2, 4, 4, 4, 0, 0, 0, 3, 3, 2, 4, 4, 3, 3, 2, 2, 0, 4, 2, 3, 3, 3, 0, 3, 0, 0, 0, 2, 4, 3, 0, 4, 0, 2, 3, 4, 2, 0, 0, 3, 2, 0, 0, 3, 2, 3, 2, 3, 4, 2, 4, 3, 4, 3, 2, 0, 0, 3, 0, 0, 4, 2, 4, 2, 2, 4, 4, 3, 2, 3, 4, 3, 3, 4, 3, 4, 4, 2, 4, 0, 3, 0, 4, 4, 4, 0, 0, 3, 3, 3, 3, 2, 4, 0, 0, 0, 3, 0, 0, 0, 4, 4, 4, 4, 0, 2, 0, 4, 0, 3, 3, 2, 0, 4, 0, 4, 4, 0, 0, 4, 2, 4, 0, 4, 0, 4, 0, 3, 4, 0, 4, 4, 3, 4, 2, 0, 4, 4, 4, 0, 0, 2, 0, 0, 3, 4, 2, 3, 2, 3, 4, 3, 2, 2, 3, 4, 2, 0, 3, 0, 2, 3, 3, 2, 3, 3, 2, 2, 3, 3, 4, 2, 2, 2, 0, 3, 2, 3, 2, 2, 3, 3, 0, 3, 3, 4, 2, 2, 2, 4, 3, 3, 4, 0, 3, 2, 4, 3, 0, 2, 4, 0, 3, 0, 2, 4, 2, 2, 4, 4, 3, 0, 0, 4, 2, 2, 3, 4, 4, 0, 4, 3, 4, 3, 0, 2, 4, 3, 2, 3, 4, 2, 4, 4, 4, 2, 2, 4, 3, 4, 0, 2, 3, 4, 3, 2, 3, 2, 0, 0, 4, 4, 0, 4, 3, 4, 2, 4, 0, 2, 4, 4, 4, 2, 4, 2, 3, 2, 0, 3, 0, 2, 4, 3, 2, 0, 0, 2, 0, 0, 3, 2, 2, 2, 4, 2, 3, 3, 4, 0, 4, 3, 2, 4, 4, 2, 4, 2, 0, 4, 0, 4, 0, 4, 2, 2, 0, 4, 4, 3, 3, 0, 3, 0, 3, 4, 4, 3, 3, 2, 2, 3, 2, 0, 4, 0, 2, 2, 4, 0, 3, 3, 0, 0, 0, 3, 4, 4, 2, 2, 0, 4, 0, 4, 2, 0, 2, 2, 3, 2, 0, 2, 2, 3, 2, 3, 3, 0, 3, 3, 3, 0, 2, 3, 3, 2, 3, 3, 3, 0, 0, 2, 0, 3, 4, 2, 0, 0, 4, 4]
prediction:   [4, 4, 0, 0, 0, 4, 2, 3, 0, 4, 0, 2, 2, 0, 3, 4, 4, 3, 3, 0, 4, 0, 4, 2, 2, 2, 4, 0, 2, 3, 0, 0, 2, 4, 4, 3, 2, 4, 4, 4, 0, 3, 3, 3, 4, 3, 2, 3, 4, 0, 2, 4, 4, 4, 4, 3, 3, 3, 3, 4, 3, 0, 2, 2, 4, 4, 2, 3, 0, 4, 0, 2, 2, 3, 2, 3, 4, 3, 3, 0, 2, 2, 4, 0, 0, 4, 2, 4, 4, 3, 4, 4, 4, 0, 3, 0, 2, 3, 4, 0, 4, 0, 4, 4, 2, 4, 3, 2, 0, 0, 3, 0, 4, 2, 2, 0, 3, 4, 4, 2, 3, 4, 3, 0, 2, 3, 0, 0, 2, 4, 4, 2, 2, 3, 4, 4, 3, 3, 3, 4, 4, 4, 2, 3, 4, 0, 3, 4, 2, 3, 0, 0, 0, 2, 0, 2, 4, 0, 3, 3, 3, 0, 3, 0, 4, 3, 4, 0, 0, 0, 0, 3, 3, 0, 2, 2, 3, 3, 0, 2, 0, 4, 0, 4, 4, 4, 2, 2, 2, 4, 0, 0, 3, 0, 0, 0, 4, 2, 3, 0, 0, 0, 0, 4, 4, 0, 3, 2, 4, 2, 2, 0, 2, 2, 0, 0, 0, 4, 4, 0, 0, 0, 4, 0, 3, 2, 4, 4, 0, 3, 4, 3, 2, 0, 4, 0, 0, 2, 2, 2, 4, 2, 2, 3, 3, 3, 2, 2, 4, 2, 4, 2, 0, 2, 2, 3, 3, 4, 0, 0, 3, 4, 3, 4, 2, 0, 2, 0, 2, 4, 4, 3, 0, 2, 4, 3, 2, 0, 2, 0, 2, 3, 2, 3, 0, 2, 0, 0, 2, 4, 4, 2, 0, 2, 3, 0, 3, 0, 4, 4, 2, 2, 4, 2, 2, 2, 2, 3, 3, 3, 2, 3, 4, 0, 0, 4, 3, 3, 4, 3, 3, 2, 0, 2, 0, 0, 4, 3, 2, 3, 0, 3, 4, 2, 3, 4, 4, 2, 0, 0, 2, 2, 2, 2, 4, 2, 0, 4, 4, 2, 0, 2, 2, 0, 3, 4, 2, 2, 4, 3, 3, 4, 4, 4, 0, 0, 3, 0, 3, 4, 4, 3, 0, 3, 4, 3, 3, 3, 0, 3, 0, 2, 2, 4, 4, 0, 3, 0, 3, 0, 3, 3, 2, 3, 3, 2, 2, 4, 3, 2, 2, 0, 4, 0, 0, 2, 0, 0, 3, 0, 0, 2, 0, 3, 2, 2, 3, 2, 4, 0, 4, 3, 3, 2, 0, 3, 4, 4, 0, 2, 2, 2, 2, 0, 4, 3, 2, 3, 4, 2, 0, 3, 4, 0, 2, 2, 2, 2, 2, 2, 4, 4, 0, 4, 3, 0, 4, 0, 4, 3, 4, 2, 0, 0, 2, 0, 2, 3, 3, 2, 4, 0, 2, 3, 4, 3, 3, 0, 2, 2, 4, 3, 3, 0, 0, 0, 3, 0, 2, 0, 2, 2, 4, 2, 0, 0, 4, 0, 0, 2, 0, 2, 2, 4, 4, 0, 0, 3, 2, 4, 3, 0, 4, 4, 4, 2, 3, 3, 0, 0, 2, 4, 3, 4, 2, 2, 0, 3, 4, 4, 2, 4, 3, 2, 4, 3, 0, 0, 4, 4, 0, 0, 0, 4, 2, 2, 3, 3, 3, 2, 2, 0, 4, 2, 3, 2, 2, 0, 0, 0, 4, 2, 2, 4, 4, 0, 0, 0, 0, 4, 3, 2, 4, 3, 3, 4, 0, 0, 2, 3, 0, 2, 3, 4, 2, 0, 4, 4, 0, 2, 4, 3, 4, 4, 2, 0, 4, 4, 4, 2, 0, 3, 4, 3, 2, 2, 2, 3, 4, 0, 0, 0, 2, 0, 4, 2, 0, 3, 4, 0, 2, 4, 4, 4, 3, 0, 0, 0, 2, 4, 0, 2, 3, 0, 4, 0, 3, 2, 0, 3, 4, 2, 0, 0, 3, 2, 2, 0, 3, 3, 0, 3, 3, 4, 3, 3, 0, 0, 0, 3, 2, 0, 4, 2, 2, 3, 0, 3, 2, 0, 4, 3, 0, 3, 0, 3, 4, 2, 4, 3, 3, 0, 2, 2, 2, 3, 0, 0, 3, 4, 2, 3, 0, 0, 3, 3, 0, 4, 2, 0, 0, 3, 0, 2, 3, 0, 3, 2, 0, 3, 4, 3, 3, 0, 3, 2, 3, 4, 4, 3, 3, 4, 2, 0, 0, 3, 3, 3, 0, 4, 2, 2, 0, 3, 3, 4, 0, 2, 3, 2, 0, 2, 0, 4, 2, 2, 4, 4, 4, 0, 2, 4, 2, 2, 0, 4, 3, 2, 3, 0, 4, 4, 0, 4, 0, 0, 0, 0, 4, 2, 2, 4, 0, 3, 2, 2, 0, 0, 0, 4, 0, 0, 3, 4, 2, 0, 4, 0, 2, 3, 2, 2, 0, 3, 0, 0, 2, 2, 2, 0, 4, 3, 0, 3, 0, 4, 2, 4, 2, 3, 0, 2, 2, 0, 4, 4, 4, 3, 4, 2, 3, 2, 2, 4, 0, 3, 4, 2, 3, 2, 0, 0, 3, 3, 3, 0, 2, 2, 2, 3, 3, 3, 3, 4, 3, 4, 3, 2, 3, 3, 3, 4, 4, 0, 2, 4, 4, 4, 4, 2, 4, 4, 2, 2, 2, 3, 0, 4, 2, 3, 4, 4, 3, 0, 3, 4, 2, 3, 4, 0, 2, 2, 0, 4, 3, 3, 2, 0, 3, 4, 2, 2, 2, 2, 2, 2, 0, 4, 4, 4, 0, 3, 4, 3, 4, 0, 0, 3, 3, 2, 2, 4, 2, 2, 0, 3, 2, 3, 3, 0, 2, 2, 0, 4, 0, 0, 4, 4, 3, 0, 3, 3, 3, 4, 4, 0, 0, 2, 4, 3, 4, 0, 2, 3, 0, 4, 2, 0, 2, 0, 0, 0, 4, 3, 0, 0, 4, 3, 2, 0, 0, 2, 2, 3, 2, 2, 2, 0, 3, 3, 3, 2, 0, 0, 0, 0, 3, 2, 4, 0, 4, 2, 2, 4, 2, 3, 3, 2, 0, 3, 3, 2, 4, 3, 0, 0, 3, 2, 4, 3, 2, 0, 2, 4, 0, 3, 0, 4, 2, 0, 0, 3, 3, 2, 3, 2, 3, 4, 4, 2, 0, 3, 0, 3, 4, 2, 3, 0, 4, 2, 4, 3, 4, 3, 0, 0, 3, 3, 4, 4, 2, 2, 0, 3, 2, 0, 2, 0, 3, 4, 3, 2, 3, 3, 2, 0, 4, 2, 4, 0, 3, 0, 3, 2, 0, 2, 0, 2, 2, 3, 2, 4, 0, 4, 0, 3, 4, 2, 2, 2, 0, 2, 0, 0, 2, 4, 3, 3, 4, 4, 2, 3, 2, 3, 4, 4, 3, 4, 3, 4, 4, 3, 3, 4, 2, 3, 4, 2, 0, 2, 0, 2, 4, 3, 3, 4, 2, 0, 2, 3, 0, 0, 0, 3, 0, 0, 3, 3, 3, 3, 4, 0, 3, 0, 3, 4, 4, 3, 4, 4, 4, 4, 3, 0, 4, 4, 3, 3, 4, 2, 2, 4, 3, 3, 0, 4, 3, 4, 3, 0, 2, 2, 4, 3, 3, 2, 4, 4, 2, 2, 2, 2, 0, 3, 4, 4, 0, 2, 4, 3, 3, 4, 2, 3, 0, 4, 0, 4, 0, 4, 3, 4, 0, 2, 4, 3, 4, 0, 3, 4, 0, 0, 2, 2, 4, 3, 0, 3, 0, 0, 4, 2, 4, 0, 0, 0, 4, 4, 3, 3, 4, 0, 0, 3, 3, 0, 0, 3, 4, 2, 0, 0, 4, 3, 3, 2, 3, 4, 4, 2, 3, 3, 2, 3, 4, 0, 3, 2, 3, 4, 4, 4, 2, 2, 0, 0, 2, 0, 4, 2, 0, 3, 4, 3, 3, 4, 4, 3, 3, 0, 2, 2, 2, 4, 2, 2, 0, 3, 0, 0, 0, 3, 3, 4, 4, 2, 3, 3, 2, 2, 0, 3, 4, 2, 2, 3, 4, 3, 2, 3, 3, 2, 4, 2, 2, 2, 2, 2, 2, 2, 4, 2, 4, 4, 0, 2, 3, 4, 3, 4, 2, 0, 0, 2, 2, 0, 3, 3, 4, 0, 3, 4, 0, 2, 3, 3, 2, 3, 2, 3, 0, 2, 3, 4, 3, 2, 4, 2, 3, 0, 3, 3, 2, 0, 3, 4, 0, 0, 4, 2, 4, 3, 4, 2, 3, 0, 2, 0, 4, 2, 0, 4, 4, 0, 4, 3, 0, 3, 3, 2, 4, 0, 3, 0, 3, 3, 2, 2, 3, 2, 2, 3, 2, 4, 2, 3, 2, 3, 0, 4, 3, 0, 0, 2, 3, 0, 2, 0, 2, 4, 3, 4, 0, 2, 3, 0, 3, 2, 3, 3, 4, 3, 3, 3, 0, 2, 3, 2, 4, 3, 4, 4, 4, 2, 0, 0, 2, 4, 3, 4, 2, 0, 2, 2, 0, 3, 3, 4, 2, 3, 2, 3, 2, 3, 0, 4, 2, 4, 4, 2, 0, 0, 2, 0, 4, 0, 2, 2, 0, 2, 2, 3, 2, 0, 2, 2, 0, 3, 3, 4, 0, 2, 0, 4, 2, 4, 4, 4, 0, 3, 4, 3, 4, 2, 2, 2, 0, 3, 0, 0, 0, 3, 2, 3, 3, 2, 4, 4, 0, 4, 4, 0, 2, 3, 0, 3, 4, 2, 0, 4, 0, 4, 3, 3, 0, 4, 3, 2, 0, 4, 3, 0, 3, 3, 2, 4, 3, 3, 2, 0, 0, 0, 3, 3, 4, 3, 3, 3, 0, 4, 4, 0, 2, 4, 2, 4, 4, 2, 4, 4, 3, 3, 2, 4, 4, 4, 0, 0, 3, 0, 2, 0, 4, 2, 4, 2, 3, 3, 0, 4, 4, 4, 4, 0, 2, 0, 4, 4, 3, 4, 4, 0, 4, 4, 2, 2, 0, 4, 0, 3, 4, 2, 0, 0, 0, 3, 2, 0, 2, 0, 4, 2, 0, 0, 4, 2, 4, 3, 2, 2, 3, 3, 4, 4, 0, 2, 2, 0, 4, 2, 4, 4, 4, 4, 0, 4, 0, 2, 3, 3, 3, 3, 3, 0, 4, 0, 0, 2, 4, 0, 3, 3, 4, 3, 4, 0, 3, 2, 4, 3, 4, 4, 3, 3, 2, 4, 4, 4, 0, 0, 0, 3, 3, 2, 4, 4, 3, 3, 2, 2, 0, 4, 2, 3, 3, 3, 0, 3, 0, 0, 0, 2, 4, 3, 0, 4, 0, 2, 3, 4, 2, 0, 0, 3, 2, 0, 0, 3, 2, 3, 2, 3, 4, 2, 4, 3, 0, 3, 2, 0, 0, 3, 0, 0, 4, 2, 4, 2, 2, 4, 4, 3, 2, 3, 4, 3, 3, 4, 3, 4, 4, 2, 4, 0, 3, 0, 4, 4, 4, 0, 0, 3, 3, 3, 3, 2, 4, 0, 0, 0, 3, 0, 0, 0, 4, 4, 4, 4, 0, 2, 0, 4, 0, 3, 3, 2, 0, 4, 0, 4, 4, 0, 0, 4, 2, 4, 0, 4, 0, 4, 0, 3, 4, 0, 4, 4, 3, 4, 2, 0, 4, 4, 4, 0, 0, 2, 0, 0, 3, 4, 2, 3, 2, 3, 4, 3, 2, 2, 3, 4, 2, 0, 3, 0, 2, 3, 3, 2, 3, 3, 2, 2, 3, 3, 4, 2, 2, 2, 0, 3, 2, 3, 2, 2, 3, 3, 0, 3, 3, 4, 2, 2, 2, 4, 3, 3, 4, 0, 3, 2, 4, 3, 0, 2, 4, 0, 3, 0, 2, 4, 2, 2, 4, 4, 3, 0, 0, 4, 2, 2, 3, 4, 4, 0, 4, 3, 4, 3, 0, 2, 4, 3, 2, 3, 4, 2, 4, 4, 4, 2, 2, 4, 3, 4, 0, 2, 3, 4, 3, 2, 3, 2, 0, 0, 4, 4, 0, 4, 3, 4, 2, 4, 0, 2, 4, 4, 4, 2, 4, 2, 3, 2, 0, 3, 0, 2, 4, 3, 2, 0, 0, 2, 0, 0, 3, 2, 2, 2, 4, 2, 3, 3, 4, 0, 4, 3, 2, 4, 4, 2, 4, 2, 0, 4, 0, 4, 0, 4, 2, 2, 4, 4, 4, 3, 3, 0, 3, 0, 3, 4, 4, 3, 3, 2, 2, 3, 2, 0, 4, 0, 2, 2, 4, 0, 3, 3, 0, 0, 0, 3, 4, 4, 2, 2, 0, 4, 0, 4, 2, 0, 2, 2, 3, 2, 0, 2, 2, 3, 2, 3, 3, 0, 3, 3, 3, 0, 2, 3, 3, 2, 3, 3, 3, 0, 0, 2, 0, 3, 4, 2, 0, 0, 4, 4]

----------------------------TRAIN----------------------------


----------------------------TEST----------------------------

[[  0   0   0   0   0]
 [ 12   0  43  43 413]
 [  0   0   0   0   0]
 [  0   0   0   0   0]
 [  0   0   0   0   0]]
              precision    recall  f1-score   support

           0       0.00      0.00      0.00       0.0
           1       0.00      0.00      0.00     511.0
           2       0.00      0.00      0.00       0.0
           3       0.00      0.00      0.00       0.0
           4       0.00      0.00      0.00       0.0

    accuracy                           0.00     511.0
   macro avg       0.00      0.00      0.00     511.0
weighted avg       0.00      0.00      0.00     511.0


ground truth: [1, 1, 1, 1, 1, 1, 1, 1, 1, 1, 1, 1, 1, 1, 1, 1, 1, 1, 1, 1, 1, 1, 1, 1, 1, 1, 1, 1, 1, 1, 1, 1, 1, 1, 1, 1, 1, 1, 1, 1, 1, 1, 1, 1, 1, 1, 1, 1, 1, 1, 1, 1, 1, 1, 1, 1, 1, 1, 1, 1, 1, 1, 1, 1, 1, 1, 1, 1, 1, 1, 1, 1, 1, 1, 1, 1, 1, 1, 1, 1, 1, 1, 1, 1, 1, 1, 1, 1, 1, 1, 1, 1, 1, 1, 1, 1, 1, 1, 1, 1, 1, 1, 1, 1, 1, 1, 1, 1, 1, 1, 1, 1, 1, 1, 1, 1, 1, 1, 1, 1, 1, 1, 1, 1, 1, 1, 1, 1, 1, 1, 1, 1, 1, 1, 1, 1, 1, 1, 1, 1, 1, 1, 1, 1, 1, 1, 1, 1, 1, 1, 1, 1, 1, 1, 1, 1, 1, 1, 1, 1, 1, 1, 1, 1, 1, 1, 1, 1, 1, 1, 1, 1, 1, 1, 1, 1, 1, 1, 1, 1, 1, 1, 1, 1, 1, 1, 1, 1, 1, 1, 1, 1, 1, 1, 1, 1, 1, 1, 1, 1, 1, 1, 1, 1, 1, 1, 1, 1, 1, 1, 1, 1, 1, 1, 1, 1, 1, 1, 1, 1, 1, 1, 1, 1, 1, 1, 1, 1, 1, 1, 1, 1, 1, 1, 1, 1, 1, 1, 1, 1, 1, 1, 1, 1, 1, 1, 1, 1, 1, 1, 1, 1, 1, 1, 1, 1, 1, 1, 1, 1, 1, 1, 1, 1, 1, 1, 1, 1, 1, 1, 1, 1, 1, 1, 1, 1, 1, 1, 1, 1, 1, 1, 1, 1, 1, 1, 1, 1, 1, 1, 1, 1, 1, 1, 1, 1, 1, 1, 1, 1, 1, 1, 1, 1, 1, 1, 1, 1, 1, 1, 1, 1, 1, 1, 1, 1, 1, 1, 1, 1, 1, 1, 1, 1, 1, 1, 1, 1, 1, 1, 1, 1, 1, 1, 1, 1, 1, 1, 1, 1, 1, 1, 1, 1, 1, 1, 1, 1, 1, 1, 1, 1, 1, 1, 1, 1, 1, 1, 1, 1, 1, 1, 1, 1, 1, 1, 1, 1, 1, 1, 1, 1, 1, 1, 1, 1, 1, 1, 1, 1, 1, 1, 1, 1, 1, 1, 1, 1, 1, 1, 1, 1, 1, 1, 1, 1, 1, 1, 1, 1, 1, 1, 1, 1, 1, 1, 1, 1, 1, 1, 1, 1, 1, 1, 1, 1, 1, 1, 1, 1, 1, 1, 1, 1, 1, 1, 1, 1, 1, 1, 1, 1, 1, 1, 1, 1, 1, 1, 1, 1, 1, 1, 1, 1, 1, 1, 1, 1, 1, 1, 1, 1, 1, 1, 1, 1, 1, 1, 1, 1, 1, 1, 1, 1, 1, 1, 1, 1, 1, 1, 1, 1, 1, 1, 1, 1, 1, 1, 1, 1, 1, 1, 1, 1, 1, 1, 1, 1, 1, 1, 1, 1, 1, 1, 1, 1, 1, 1, 1, 1, 1, 1, 1, 1, 1, 1, 1, 1, 1, 1, 1]
prediction:   [2, 3, 4, 4, 4, 0, 4, 3, 4, 4, 4, 4, 4, 0, 4, 2, 4, 4, 4, 4, 4, 4, 2, 4, 4, 4, 2, 4, 4, 4, 3, 4, 4, 4, 2, 4, 4, 4, 4, 4, 4, 4, 4, 4, 4, 2, 4, 4, 4, 2, 3, 3, 2, 4, 4, 4, 4, 4, 4, 4, 4, 4, 4, 4, 4, 4, 4, 4, 4, 3, 4, 4, 4, 4, 4, 4, 4, 4, 4, 4, 4, 2, 4, 4, 4, 4, 4, 4, 4, 4, 4, 3, 4, 3, 4, 3, 4, 0, 4, 4, 2, 3, 4, 4, 4, 4, 4, 4, 4, 4, 4, 4, 4, 4, 4, 4, 4, 4, 4, 2, 4, 4, 2, 4, 4, 4, 4, 3, 4, 4, 3, 4, 3, 4, 3, 4, 4, 4, 3, 4, 4, 2, 4, 4, 4, 4, 4, 4, 4, 4, 4, 4, 4, 2, 4, 4, 4, 4, 3, 4, 2, 3, 4, 4, 0, 4, 4, 4, 0, 4, 4, 4, 4, 4, 3, 4, 4, 4, 4, 3, 3, 4, 4, 4, 3, 4, 2, 4, 4, 4, 4, 4, 4, 4, 4, 4, 4, 4, 4, 4, 4, 2, 4, 2, 4, 4, 3, 4, 3, 4, 4, 4, 4, 3, 4, 2, 4, 4, 2, 4, 4, 2, 4, 4, 4, 4, 4, 4, 4, 4, 4, 4, 4, 2, 4, 2, 4, 4, 3, 2, 4, 4, 4, 4, 4, 4, 4, 4, 4, 4, 3, 4, 4, 0, 4, 4, 4, 4, 4, 4, 4, 4, 4, 4, 2, 3, 4, 4, 4, 4, 4, 4, 4, 4, 2, 4, 4, 3, 4, 4, 4, 4, 4, 4, 4, 2, 4, 4, 2, 4, 4, 4, 4, 3, 4, 4, 3, 0, 4, 4, 4, 4, 3, 4, 0, 4, 4, 4, 4, 4, 3, 4, 4, 4, 4, 3, 4, 4, 4, 0, 3, 4, 4, 4, 4, 4, 4, 4, 4, 2, 4, 4, 4, 4, 4, 4, 4, 0, 4, 4, 2, 4, 3, 4, 0, 4, 4, 4, 4, 2, 3, 2, 4, 4, 3, 4, 2, 4, 4, 4, 3, 4, 4, 4, 4, 4, 4, 4, 4, 3, 3, 4, 4, 4, 4, 4, 4, 4, 4, 4, 4, 4, 3, 4, 4, 0, 2, 4, 4, 4, 4, 2, 4, 3, 4, 4, 4, 4, 4, 4, 4, 4, 4, 4, 4, 4, 4, 4, 2, 4, 4, 4, 4, 4, 4, 4, 2, 4, 4, 4, 4, 4, 4, 4, 4, 4, 2, 4, 4, 4, 4, 4, 4, 4, 4, 2, 4, 4, 2, 4, 4, 4, 4, 4, 4, 4, 4, 4, 4, 4, 4, 4, 4, 4, 4, 4, 4, 4, 4, 4, 4, 4, 4, 4, 4, 4, 4, 2, 4, 4, 4, 4, 4, 4, 4, 4, 4, 4, 4, 2, 4, 2, 4, 4, 4, 4, 4, 3, 4, 4, 4, 4, 4, 4, 4, 4, 4, 4, 4, 4, 4, 4, 4, 4, 4, 4, 4, 4, 4, 4, 4]

----------------------------TEST----------------------------


Epochs: 5                 | Train Loss:  0.001                 | Train Accuracy:  0.997                 | Val Loss:  0.144                 | Val Accuracy:  0.000









[[  0   0   0   0   0]
 [ 11   0  45  42 413]
 [  0   0   0   0   0]
 [  0   0   0   0   0]
 [  0   0   0   0   0]]
              precision    recall  f1-score   support

           0       0.00      0.00      0.00       0.0
           1       0.00      0.00      0.00     511.0
           2       0.00      0.00      0.00       0.0
           3       0.00      0.00      0.00       0.0
           4       0.00      0.00      0.00       0.0

    accuracy                           0.00     511.0
   macro avg       0.00      0.00      0.00     511.0
weighted avg       0.00      0.00      0.00     511.0

ground truth: [1, 1, 1, 1, 1, 1, 1, 1, 1, 1, 1, 1, 1, 1, 1, 1, 1, 1, 1, 1, 1, 1, 1, 1, 1, 1, 1, 1, 1, 1, 1, 1, 1, 1, 1, 1, 1, 1, 1, 1, 1, 1, 1, 1, 1, 1, 1, 1, 1, 1, 1, 1, 1, 1, 1, 1, 1, 1, 1, 1, 1, 1, 1, 1, 1, 1, 1, 1, 1, 1, 1, 1, 1, 1, 1, 1, 1, 1, 1, 1, 1, 1, 1, 1, 1, 1, 1, 1, 1, 1, 1, 1, 1, 1, 1, 1, 1, 1, 1, 1, 1, 1, 1, 1, 1, 1, 1, 1, 1, 1, 1, 1, 1, 1, 1, 1, 1, 1, 1, 1, 1, 1, 1, 1, 1, 1, 1, 1, 1, 1, 1, 1, 1, 1, 1, 1, 1, 1, 1, 1, 1, 1, 1, 1, 1, 1, 1, 1, 1, 1, 1, 1, 1, 1, 1, 1, 1, 1, 1, 1, 1, 1, 1, 1, 1, 1, 1, 1, 1, 1, 1, 1, 1, 1, 1, 1, 1, 1, 1, 1, 1, 1, 1, 1, 1, 1, 1, 1, 1, 1, 1, 1, 1, 1, 1, 1, 1, 1, 1, 1, 1, 1, 1, 1, 1, 1, 1, 1, 1, 1, 1, 1, 1, 1, 1, 1, 1, 1, 1, 1, 1, 1, 1, 1, 1, 1, 1, 1, 1, 1, 1, 1, 1, 1, 1, 1, 1, 1, 1, 1, 1, 1, 1, 1, 1, 1, 1, 1, 1, 1, 1, 1, 1, 1, 1, 1, 1, 1, 1, 1, 1, 1, 1, 1, 1, 1, 1, 1, 1, 1, 1, 1, 1, 1, 1, 1, 1, 1, 1, 1, 1, 1, 1, 1, 1, 1, 1, 1, 1, 1, 1, 1, 1, 1, 1, 1, 1, 1, 1, 1, 1, 1, 1, 1, 1, 1, 1, 1, 1, 1, 1, 1, 1, 1, 1, 1, 1, 1, 1, 1, 1, 1, 1, 1, 1, 1, 1, 1, 1, 1, 1, 1, 1, 1, 1, 1, 1, 1, 1, 1, 1, 1, 1, 1, 1, 1, 1, 1, 1, 1, 1, 1, 1, 1, 1, 1, 1, 1, 1, 1, 1, 1, 1, 1, 1, 1, 1, 1, 1, 1, 1, 1, 1, 1, 1, 1, 1, 1, 1, 1, 1, 1, 1, 1, 1, 1, 1, 1, 1, 1, 1, 1, 1, 1, 1, 1, 1, 1, 1, 1, 1, 1, 1, 1, 1, 1, 1, 1, 1, 1, 1, 1, 1, 1, 1, 1, 1, 1, 1, 1, 1, 1, 1, 1, 1, 1, 1, 1, 1, 1, 1, 1, 1, 1, 1, 1, 1, 1, 1, 1, 1, 1, 1, 1, 1, 1, 1, 1, 1, 1, 1, 1, 1, 1, 1, 1, 1, 1, 1, 1, 1, 1, 1, 1, 1, 1, 1, 1, 1, 1, 1, 1, 1, 1, 1, 1, 1, 1, 1, 1, 1, 1, 1, 1, 1, 1, 1, 1, 1, 1, 1, 1, 1, 1, 1, 1, 1, 1, 1, 1, 1, 1, 1, 1, 1, 1, 1, 1, 1, 1, 1]
prediction:   [2, 3, 4, 4, 4, 0, 4, 3, 4, 4, 4, 4, 4, 0, 4, 3, 4, 4, 4, 4, 4, 4, 2, 4, 4, 4, 2, 4, 4, 4, 3, 4, 4, 4, 2, 4, 4, 4, 4, 4, 4, 4, 4, 3, 4, 2, 4, 4, 4, 2, 4, 3, 2, 4, 4, 4, 4, 4, 4, 4, 4, 4, 4, 4, 4, 4, 4, 4, 4, 3, 4, 4, 4, 4, 4, 4, 4, 4, 4, 2, 4, 2, 4, 4, 4, 4, 4, 4, 4, 4, 4, 3, 4, 3, 4, 3, 4, 0, 4, 4, 2, 3, 4, 4, 4, 4, 4, 4, 4, 4, 4, 4, 4, 4, 4, 4, 4, 4, 4, 2, 4, 4, 2, 4, 4, 4, 4, 3, 4, 4, 3, 4, 3, 4, 2, 4, 4, 4, 3, 4, 4, 2, 4, 4, 4, 4, 4, 4, 4, 4, 4, 4, 4, 2, 4, 4, 4, 4, 3, 4, 2, 4, 4, 4, 4, 4, 4, 4, 0, 4, 4, 4, 4, 4, 3, 4, 4, 4, 4, 3, 3, 4, 4, 4, 3, 4, 2, 4, 4, 4, 4, 4, 4, 4, 4, 4, 4, 4, 4, 4, 4, 2, 4, 2, 4, 4, 3, 4, 3, 4, 4, 4, 4, 3, 4, 2, 4, 4, 2, 4, 4, 2, 4, 4, 4, 4, 4, 4, 4, 4, 4, 4, 4, 2, 4, 2, 4, 4, 3, 2, 4, 4, 4, 4, 4, 4, 4, 4, 4, 4, 3, 0, 4, 4, 4, 4, 4, 4, 4, 4, 4, 4, 4, 4, 2, 3, 4, 4, 4, 4, 4, 4, 4, 4, 2, 4, 4, 3, 4, 4, 4, 4, 4, 4, 4, 2, 4, 4, 2, 4, 4, 4, 4, 3, 4, 4, 3, 0, 4, 4, 4, 4, 3, 4, 0, 4, 4, 4, 4, 4, 3, 4, 4, 4, 4, 3, 4, 4, 4, 0, 3, 4, 4, 4, 4, 4, 4, 4, 4, 2, 4, 4, 4, 4, 4, 4, 4, 0, 4, 4, 2, 4, 3, 4, 0, 4, 4, 4, 4, 2, 3, 2, 4, 4, 3, 4, 2, 4, 4, 4, 3, 4, 4, 4, 4, 4, 4, 4, 4, 3, 3, 4, 4, 4, 4, 4, 4, 4, 4, 4, 4, 4, 3, 4, 4, 0, 2, 4, 4, 4, 4, 2, 4, 3, 4, 4, 4, 4, 4, 4, 4, 4, 4, 4, 4, 4, 4, 4, 2, 4, 4, 4, 4, 4, 4, 4, 2, 4, 4, 4, 4, 4, 4, 4, 4, 4, 2, 4, 4, 4, 4, 2, 4, 4, 4, 2, 4, 4, 2, 4, 4, 4, 4, 4, 4, 4, 4, 4, 4, 4, 4, 4, 4, 4, 4, 4, 4, 4, 4, 4, 4, 4, 4, 4, 4, 4, 4, 2, 4, 4, 4, 4, 4, 4, 4, 4, 4, 4, 4, 2, 4, 2, 4, 4, 4, 4, 4, 3, 4, 4, 4, 4, 4, 4, 4, 4, 4, 4, 4, 4, 4, 4, 4, 4, 4, 4, 4, 4, 4, 4, 4]
Test Accuracy:  0.000