PS C:\Users\styll\OneDrive\Desktop\ML_ex3\src> python .\lstm_bert.py -a True -lr 2e-5 -e 5 -l 128 bbc

[nltk_data] Downloading package punkt to
[nltk_data]     C:\Users\styll\AppData\Roaming\nltk_data...
[nltk_data]   Package punkt is already up-to-date!
[nltk_data] Downloading package wordnet to
[nltk_data]     C:\Users\styll\AppData\Roaming\nltk_data...
[nltk_data]   Package wordnet is already up-to-date!
[nltk_data] Downloading package stopwords to
[nltk_data]     C:\Users\styll\AppData\Roaming\nltk_data...
[nltk_data]   Package stopwords is already up-to-date!

sport            511
business         510
politics         417
tech             401
entertainment    386
Name: category, dtype: int64
sport            511
business         511
entertainment    511
politics         511
tech             511
Name: category, dtype: int64

{'sport': 3, 'business': 0, 'entertainment': 1, 'politics': 2, 'tech': 4}

  category                                               text  label
0    sport  holmes secures comeback victory britain kelly ...      3
1    sport  wales critical clumsy grewcock wales coach mik...      3
2    sport  everton weir cools euro hopes everton defender...      3
3    sport  souness delight euro progress boss graeme soun...      3
4    sport  lewsey puzzle disallowed try england josh lews...      3

Initializing Tokenizer...

Some weights of the model checkpoint at bert-base-uncased were not used when initializing BertModel: ['cls.predictions.bias', 'cls.predictions.transform.LayerNorm.weight', 'cls.seq_relationship.bias', 'cls.seq_relationship.weight', 'cls.predictions.transform.dense.weight', 'cls.predictions.transform.dense.bias', 'cls.predictions.transform.LayerNorm.bias']
- This IS expected if you are initializing BertModel from the checkpoint of a model trained on another task or with another architecture (e.g. initializing a BertForSequenceClassification model from a BertForPreTraining model).
- This IS NOT expected if you are initializing BertModel from the checkpoint of a model that you expect to be exactly identical (initializing a BertForSequenceClassification model from a BertForSequenceClassification model).

2044 2044
511 511

Some weights of the model checkpoint at bert-base-uncased were not used when initializing BertModel: ['cls.predictions.bias', 'cls.predictions.transform.LayerNorm.weight', 'cls.seq_relationship.bias', 'cls.seq_relationship.weight', 'cls.predictions.transform.dense.weight', 'cls.predictions.transform.dense.bias', 'cls.predictions.transform.LayerNorm.bias']
- This IS expected if you are initializing BertModel from the checkpoint of a model trained on another task or with another architecture (e.g. initializing a BertForSequenceClassification model from a BertForPreTraining model).
- This IS NOT expected if you are initializing BertModel from the checkpoint of a model that you expect to be exactly identical (initializing a BertForSequenceClassification model from a BertForSequenceClassification model).

100%|██████████████████████████████████████████████████████████████████████████████████████████████████████████████████████████████████████████████████████████████████████████████████████████████████████████████████████████████████████████████| 1022/1022 [49:34<00:00,  2.91s/it]


----------------------------TRAIN----------------------------

[[471  12  21   7]
 [  4 492  11   4]
 [ 16  10 473  12]
 [  4   5   2 500]]
              precision    recall  f1-score   support

           0       0.95      0.92      0.94       511
           1       0.95      0.96      0.96       511
           2       0.93      0.93      0.93       511
           3       0.96      0.98      0.97       511

    accuracy                           0.95      2044
   macro avg       0.95      0.95      0.95      2044
weighted avg       0.95      0.95      0.95      2044


ground truth: [1, 3, 2, 1, 0, 2, 0, 1, 3, 1, 3, 2, 3, 3, 1, 3, 0, 2, 1, 3, 1, 0, 2, 2, 3, 2, 1, 1, 1, 1, 0, 0, 3, 2, 1, 1, 3, 0, 2, 2, 1, 3, 3, 1, 0, 2, 3, 0, 3, 3, 3, 1, 1, 1, 2, 1, 3, 0, 2, 0, 2, 3, 3, 3, 1, 1, 3, 0, 3, 3, 0, 3, 0, 2, 3, 1, 2, 1, 3, 2, 1, 3, 3, 2, 3, 2, 3, 2, 2, 2, 2, 3, 3, 3, 3, 0, 2, 3, 3, 2, 2, 1, 1, 3, 2, 2, 2, 1, 0, 1, 3, 3, 0, 2, 1, 2, 2, 3, 0, 3, 1, 3, 0, 2, 2, 2, 3, 3, 2, 3, 1, 2, 0, 0, 2, 1, 2, 3, 2, 1, 1, 0, 1, 0, 2, 3, 3, 3, 0, 3, 1, 2, 2, 0, 3, 0, 2, 2, 1, 1, 0, 3, 0, 3, 3, 1, 2, 0, 2, 0, 0, 1, 3, 2, 1, 1, 2, 0, 1, 2, 0, 2, 1, 1, 3, 1, 1, 2, 2, 3, 3, 2, 1, 0, 1, 2, 3, 3, 1, 0, 2, 1, 2, 3, 0, 1, 3, 3, 1, 2, 1, 1, 3, 3, 1, 0, 3, 2, 3, 3, 3, 2, 3, 2, 1, 1, 2, 2, 1, 1, 2, 1, 3, 1, 1, 0, 1, 0, 3, 1, 3, 0, 0, 2, 3, 0, 3, 1, 2, 3, 3, 1, 2, 2, 1, 1, 1, 1, 0, 2, 3, 0, 2, 0, 1, 0, 3, 0, 2, 3, 2, 3, 1, 2, 3, 2, 3, 1, 0, 3, 0, 0, 2, 1, 2, 2, 3, 0, 2, 1, 1, 0, 0, 2, 2, 0, 0, 2, 1, 1, 3, 0, 2, 0, 1, 2, 0, 1, 3, 1, 2, 1, 0, 1, 2, 0, 2, 0, 2, 1, 1, 0, 3, 3, 1, 0, 1, 1, 0, 2, 0, 0, 3, 1, 0, 3, 2, 3, 3, 0, 3, 0, 1, 0, 1, 1, 2, 1, 3, 1, 2, 2, 2, 0, 0, 3, 3, 2, 1, 3, 3, 1, 0, 0, 1, 0, 1, 2, 0, 2, 0, 3, 1, 1, 1, 2, 0, 1, 3, 0, 0, 0, 3, 3, 2, 0, 1, 2, 0, 2, 3, 0, 1, 3, 0, 1, 1, 0, 1, 2, 3, 2, 2, 2, 3, 1, 3, 3, 1, 3, 0, 1, 3, 3, 2, 3, 0, 0, 1, 3, 2, 3, 0, 3, 3, 1, 1, 0, 3, 0, 3, 1, 2, 0, 3, 1, 2, 3, 0, 2, 2, 2, 2, 2, 2, 2, 3, 2, 2, 3, 1, 0, 3, 1, 1, 0, 3, 2, 0, 0, 1, 1, 2, 3, 2, 2, 3, 2, 1, 1, 0, 1, 0, 1, 3, 2, 2, 1, 3, 1, 0, 3, 3, 0, 0, 0, 0, 2, 0, 3, 1, 1, 0, 1, 3, 1, 3, 0, 2, 3, 0, 2, 2, 2, 1, 2, 2, 0, 1, 2, 2, 3, 0, 1, 0, 1, 1, 2, 1, 3, 1, 0, 2, 2, 0, 3, 0, 0, 1, 1, 2, 1, 2, 0, 2, 0, 3, 3, 2, 1, 2, 3, 0, 2, 3, 0, 2, 3, 2, 3, 1, 0, 3, 1, 0, 2, 3, 1, 3, 0, 1, 2, 3, 2, 1, 3, 1, 1, 2, 3, 2, 3, 2, 0, 3, 2, 0, 1, 0, 3, 2, 1, 0, 3, 0, 0, 3, 0, 3, 0, 0, 1, 3, 1, 2, 1, 1, 1, 1, 3, 3, 1, 0, 1, 0, 2, 2, 1, 0, 3, 1, 2, 2, 0, 2, 0, 1, 0, 1, 0, 3, 1, 2, 3, 3, 3, 1, 0, 2, 0, 0, 2, 1, 3, 0, 1, 3, 0, 2, 0, 0, 2, 2, 1, 0, 3, 2, 3, 3, 3, 0, 2, 1, 2, 0, 0, 0, 1, 1, 2, 3, 2, 1, 1, 3, 3, 2, 0, 3, 2, 3, 3, 1, 2, 2, 0, 1, 0, 2, 0, 1, 2, 2, 1, 2, 3, 0, 2, 3, 1, 0, 2, 1, 1, 3, 1, 3, 0, 3, 3, 1, 1, 2, 2, 0, 0, 1, 1, 2, 2, 1, 0, 0, 1, 1, 3, 0, 3, 0, 3, 0, 1, 2, 2, 2, 1, 0, 0, 3, 2, 2, 3, 1, 0, 3, 3, 3, 1, 1, 2, 0, 3, 3, 3, 2, 1, 2, 3, 2, 3, 0, 0, 3, 3, 1, 3, 0, 0, 3, 3, 0, 2, 0, 0, 2, 1, 3, 1, 3, 2, 3, 3, 2, 2, 0, 3, 0, 2, 1, 1, 3, 2, 1, 2, 2, 2, 1, 2, 1, 1, 1, 0, 3, 2, 1, 1, 1, 2, 0, 0, 2, 1, 2, 1, 3, 3, 3, 1, 2, 0, 2, 3, 3, 2, 3, 3, 2, 3, 0, 1, 1, 2, 2, 2, 0, 3, 2, 0, 2, 0, 0, 3, 3, 1, 2, 2, 3, 0, 3, 0, 2, 1, 0, 1, 2, 0, 0, 3, 1, 0, 0, 1, 0, 0, 3, 2, 3, 3, 3, 0, 2, 1, 3, 2, 1, 3, 2, 2, 2, 0, 3, 2, 2, 1, 2, 3, 3, 2, 0, 2, 1, 1, 1, 2, 2, 1, 2, 1, 3, 1, 1, 3, 1, 0, 2, 3, 3, 3, 2, 0, 3, 0, 1, 0, 0, 0, 1, 1, 2, 1, 0, 2, 3, 3, 3, 3, 2, 3, 2, 3, 1, 2, 1, 0, 1, 1, 1, 3, 1, 1, 3, 1, 0, 1, 1, 1, 3, 0, 0, 3, 0, 1, 2, 3, 0, 0, 2, 0, 1, 1, 3, 2, 3, 0, 2, 2, 1, 2, 2, 1, 3, 1, 3, 3, 0, 2, 2, 3, 0, 0, 1, 3, 0, 1, 0, 1, 0, 0, 0, 1, 2, 0, 3, 2, 1, 3, 1, 2, 3, 3, 3, 1, 3, 3, 2, 0, 3, 3, 1, 0, 2, 2, 2, 0, 1, 0, 3, 1, 0, 0, 1, 2, 3, 1, 1, 3, 1, 0, 0, 3, 0, 1, 1, 0, 1, 0, 0, 0, 0, 1, 3, 3, 0, 0, 0, 1, 0, 0, 0, 0, 3, 3, 3, 3, 1, 1, 3, 3, 1, 0, 0, 3, 1, 3, 0, 2, 2, 0, 1, 3, 1, 2, 3, 2, 3, 3, 2, 0, 0, 2, 0, 0, 0, 2, 1, 1, 3, 2, 1, 1, 0, 2, 2, 0, 1, 1, 0, 2, 0, 1, 0, 2, 0, 2, 0, 0, 2, 3, 0, 1, 0, 1, 0, 3, 1, 0, 2, 1, 2, 1, 0, 0, 1, 3, 1, 0, 2, 1, 3, 3, 3, 2, 2, 3, 2, 3, 1, 0, 0, 3, 3, 3, 0, 0, 2, 3, 0, 0, 1, 0, 0, 0, 2, 2, 3, 1, 3, 0, 2, 3, 0, 2, 0, 0, 1, 3, 0, 1, 2, 2, 0, 1, 1, 2, 1, 0, 1, 3, 0, 1, 2, 0, 1, 1, 1, 1, 2, 0, 1, 3, 3, 2, 0, 3, 1, 0, 0, 2, 3, 2, 1, 2, 0, 3, 3, 3, 1, 2, 1, 3, 0, 0, 1, 2, 2, 0, 1, 3, 0, 1, 3, 2, 2, 0, 3, 0, 1, 2, 1, 0, 2, 2, 3, 2, 2, 1, 0, 3, 0, 0, 0, 0, 2, 2, 2, 0, 1, 2, 1, 3, 2, 1, 1, 0, 0, 1, 0, 2, 1, 2, 1, 0, 2, 1, 1, 1, 3, 1, 2, 3, 1, 1, 0, 2, 3, 0, 3, 0, 3, 2, 1, 2, 3, 3, 1, 0, 1, 1, 2, 2, 1, 2, 0, 3, 1, 0, 2, 3, 1, 2, 2, 0, 3, 0, 2, 2, 2, 3, 1, 3, 1, 1, 2, 2, 1, 0, 0, 2, 2, 1, 0, 2, 2, 1, 2, 3, 2, 3, 2, 0, 1, 1, 3, 1, 3, 0, 0, 1, 0, 1, 3, 2, 0, 0, 0, 3, 2, 3, 2, 3, 2, 2, 0, 3, 3, 3, 2, 1, 1, 2, 0, 0, 1, 0, 1, 3, 3, 2, 1, 0, 2, 0, 1, 0, 3, 2, 2, 3, 0, 2, 2, 3, 2, 3, 1, 1, 3, 3, 0, 3, 3, 1, 1, 1, 3, 1, 0, 0, 1, 0, 1, 2, 2, 0, 3, 1, 3, 2, 0, 2, 3, 0, 0, 1, 2, 1, 1, 0, 1, 2, 0, 0, 1, 0, 3, 3, 1, 1, 3, 0, 0, 0, 3, 2, 3, 1, 3, 1, 1, 3, 1, 2, 0, 3, 1, 0, 1, 1, 1, 0, 3, 1, 0, 1, 3, 3, 2, 1, 2, 3, 0, 0, 2, 1, 1, 2, 0, 0, 2, 0, 0, 2, 0, 1, 2, 1, 2, 0, 3, 0, 3, 0, 1, 2, 1, 0, 3, 0, 2, 0, 0, 2, 1, 0, 0, 3, 2, 3, 2, 0, 1, 0, 0, 2, 0, 0, 2, 3, 0, 0, 3, 0, 1, 2, 0, 2, 3, 2, 3, 1, 2, 0, 3, 1, 1, 3, 2, 1, 1, 3, 3, 3, 0, 0, 3, 0, 0, 1, 3, 1, 2, 2, 0, 0, 2, 2, 2, 2, 1, 2, 2, 3, 3, 3, 0, 2, 3, 2, 2, 0, 0, 2, 2, 2, 0, 0, 2, 2, 3, 0, 3, 1, 1, 3, 3, 3, 0, 2, 2, 2, 1, 0, 2, 3, 1, 2, 3, 2, 1, 2, 2, 2, 1, 2, 3, 0, 0, 2, 3, 2, 0, 3, 2, 1, 1, 2, 3, 3, 0, 0, 2, 1, 3, 1, 1, 2, 1, 1, 2, 3, 1, 1, 1, 3, 1, 3, 0, 3, 1, 3, 3, 3, 1, 2, 2, 3, 2, 2, 1, 3, 1, 2, 1, 1, 1, 0, 0, 2, 2, 0, 1, 0, 3, 2, 3, 0, 2, 1, 0, 1, 2, 0, 0, 0, 1, 1, 3, 1, 3, 3, 3, 3, 3, 3, 3, 3, 0, 2, 1, 0, 0, 2, 3, 1, 2, 1, 1, 0, 0, 1, 0, 1, 3, 1, 0, 2, 2, 3, 3, 2, 1, 3, 1, 3, 3, 2, 3, 2, 0, 2, 3, 2, 3, 0, 0, 2, 0, 2, 1, 0, 2, 3, 1, 3, 0, 0, 0, 0, 2, 2, 1, 3, 2, 0, 0, 3, 3, 2, 1, 3, 2, 3, 0, 1, 3, 2, 2, 3, 3, 3, 1, 1, 1, 3, 3, 3, 1, 2, 2, 2, 0, 0, 2, 1, 1, 3, 0, 0, 3, 0, 3, 3, 0, 3, 0, 1, 3, 3, 1, 1, 3, 1, 1, 1, 0, 1, 2, 0, 2, 0, 2, 2, 2, 2, 3, 3, 2, 1, 1, 1, 1, 0, 2, 0, 0, 3, 1, 0, 2, 2, 0, 3, 3, 3, 0, 1, 0, 1, 3, 0, 0, 3, 1, 0, 0, 0, 2, 0, 2, 3, 3, 3, 2, 2, 0, 1, 0, 2, 3, 2, 3, 1, 0, 1, 0, 2, 1, 0, 0, 2, 2, 0, 0, 0, 0, 3, 0, 0, 3, 0, 2, 2, 0, 3, 2, 3, 3, 2, 2, 0, 2, 0, 2, 1, 0, 2, 1, 0, 2, 0, 2, 1, 3, 2, 1, 2, 1, 0, 2, 2, 0, 0, 1, 2, 1, 2, 0, 1, 2, 3, 3, 1, 1, 2, 0, 0, 3, 0, 3, 1, 0, 1, 0, 3, 3, 0, 3, 0, 1, 2, 3, 0, 0, 3, 1, 2, 3, 1, 1, 0, 2, 3, 3, 2, 0, 2, 1, 2, 0, 1, 1, 0, 2, 2, 3, 0, 1, 2, 0, 1, 1, 3, 2, 3, 0, 2, 3, 3, 1, 0, 3, 3, 1, 2, 1, 0, 2, 3, 3, 3, 1, 0, 3, 0, 0, 1, 1, 3, 3, 2, 3, 3, 1, 0, 0, 0, 1, 0, 3, 0, 3, 1, 2, 1, 1, 2, 2, 2, 3, 1, 1, 3, 1, 2, 0, 1, 2, 3, 1, 0, 3, 1, 2, 2, 2, 0, 1, 0, 0, 0, 3, 2, 0, 1, 2, 3, 2, 3, 1, 0, 2, 1, 2, 3, 3, 1, 3, 1, 1, 3, 3, 2, 2, 3, 0, 0, 0, 1, 3, 3, 2, 2, 2, 3]
prediction:   [3, 0, 3, 1, 3, 3, 3, 1, 2, 1, 1, 0, 1, 1, 3, 1, 3, 3, 1, 3, 1, 1, 3, 3, 3, 3, 3, 1, 3, 1, 3, 3, 3, 3, 1, 1, 3, 1, 1, 3, 1, 3, 3, 1, 1, 1, 1, 1, 3, 3, 3, 1, 1, 1, 2, 1, 3, 1, 3, 1, 1, 3, 3, 3, 1, 1, 3, 1, 3, 3, 0, 3, 0, 2, 3, 1, 2, 1, 3, 2, 1, 3, 3, 2, 3, 1, 3, 2, 2, 1, 2, 3, 3, 3, 3, 2, 2, 3, 3, 2, 2, 2, 2, 3, 2, 2, 2, 1, 2, 1, 3, 3, 0, 2, 1, 2, 2, 3, 0, 3, 1, 3, 2, 2, 2, 2, 3, 3, 2, 3, 1, 2, 0, 0, 2, 1, 2, 3, 2, 1, 1, 0, 1, 0, 2, 3, 3, 3, 2, 3, 1, 2, 2, 0, 3, 0, 2, 2, 1, 1, 0, 3, 0, 3, 3, 1, 2, 0, 2, 0, 0, 1, 3, 2, 1, 1, 2, 0, 1, 2, 0, 2, 1, 1, 3, 1, 1, 2, 2, 3, 3, 2, 1, 0, 1, 2, 3, 3, 2, 0, 2, 1, 2, 3, 2, 1, 3, 3, 1, 2, 1, 1, 3, 3, 1, 0, 3, 2, 3, 3, 3, 2, 3, 2, 1, 1, 2, 2, 1, 1, 2, 1, 3, 1, 1, 0, 1, 0, 3, 1, 3, 0, 0, 2, 3, 0, 3, 1, 2, 3, 3, 1, 2, 2, 1, 1, 1, 1, 0, 2, 3, 0, 2, 0, 1, 0, 3, 0, 2, 3, 2, 3, 1, 2, 3, 2, 3, 1, 2, 3, 0, 0, 0, 1, 2, 2, 3, 3, 2, 1, 1, 0, 0, 2, 2, 0, 0, 2, 1, 1, 3, 0, 2, 0, 1, 2, 0, 1, 3, 1, 2, 1, 0, 1, 2, 0, 2, 0, 2, 1, 1, 0, 3, 3, 1, 0, 1, 1, 0, 2, 0, 0, 3, 1, 0, 3, 2, 3, 3, 0, 2, 0, 1, 0, 1, 1, 2, 1, 3, 1, 2, 2, 2, 0, 0, 3, 3, 2, 1, 3, 3, 1, 0, 0, 1, 0, 1, 2, 0, 2, 0, 3, 1, 1, 1, 2, 0, 1, 3, 0, 0, 0, 3, 3, 2, 2, 1, 2, 0, 1, 3, 0, 1, 3, 0, 1, 1, 0, 1, 2, 3, 2, 2, 2, 3, 1, 3, 3, 1, 3, 0, 1, 3, 3, 2, 3, 0, 0, 1, 3, 2, 3, 0, 3, 3, 1, 1, 0, 3, 0, 3, 1, 2, 0, 3, 1, 2, 3, 0, 2, 2, 2, 2, 3, 2, 2, 3, 2, 2, 3, 1, 0, 3, 1, 1, 0, 3, 2, 0, 0, 1, 1, 2, 3, 2, 2, 3, 2, 1, 1, 0, 1, 0, 0, 3, 2, 2, 1, 3, 1, 1, 3, 3, 0, 0, 0, 0, 2, 0, 3, 1, 1, 0, 1, 3, 1, 3, 0, 2, 3, 0, 2, 2, 2, 1, 2, 2, 0, 1, 2, 2, 3, 0, 1, 0, 0, 1, 2, 1, 3, 1, 0, 2, 2, 0, 3, 2, 2, 1, 1, 2, 1, 2, 0, 2, 0, 3, 3, 2, 1, 2, 3, 0, 2, 3, 0, 2, 3, 2, 3, 1, 0, 3, 1, 0, 2, 3, 1, 3, 0, 1, 0, 3, 2, 1, 3, 1, 1, 3, 3, 2, 3, 2, 0, 3, 2, 0, 1, 0, 3, 2, 1, 0, 3, 0, 0, 3, 0, 3, 0, 0, 1, 3, 2, 2, 1, 1, 1, 1, 3, 3, 1, 0, 1, 0, 2, 2, 1, 0, 3, 1, 2, 2, 0, 2, 0, 1, 0, 1, 0, 3, 1, 2, 3, 3, 3, 1, 0, 2, 2, 0, 2, 1, 3, 0, 1, 3, 0, 2, 0, 1, 2, 2, 1, 0, 3, 2, 3, 3, 3, 0, 0, 1, 2, 0, 0, 0, 1, 1, 2, 3, 2, 1, 1, 3, 3, 2, 0, 3, 2, 3, 3, 1, 2, 2, 0, 2, 0, 2, 0, 2, 2, 0, 1, 2, 3, 0, 2, 3, 1, 0, 2, 1, 1, 3, 1, 3, 0, 3, 3, 1, 1, 2, 2, 0, 0, 1, 2, 2, 2, 1, 0, 0, 1, 1, 3, 0, 3, 0, 3, 0, 1, 2, 2, 2, 1, 0, 0, 3, 2, 1, 3, 1, 0, 3, 3, 3, 1, 1, 1, 0, 3, 3, 3, 2, 1, 2, 3, 2, 3, 0, 0, 3, 3, 1, 3, 0, 0, 3, 3, 0, 2, 0, 0, 2, 2, 3, 2, 3, 2, 3, 3, 2, 2, 0, 3, 0, 2, 1, 1, 3, 2, 1, 2, 2, 2, 1, 2, 1, 1, 1, 0, 3, 2, 1, 1, 0, 2, 0, 0, 2, 1, 2, 1, 3, 3, 3, 1, 2, 0, 2, 3, 3, 2, 3, 0, 2, 3, 2, 1, 1, 2, 1, 2, 0, 3, 2, 0, 2, 0, 0, 3, 3, 1, 2, 2, 3, 0, 3, 2, 2, 1, 0, 1, 2, 2, 0, 3, 2, 0, 0, 1, 0, 0, 3, 2, 3, 3, 3, 0, 2, 1, 3, 2, 1, 3, 0, 2, 2, 0, 3, 2, 2, 1, 2, 3, 3, 2, 0, 2, 1, 1, 1, 2, 2, 1, 2, 1, 3, 1, 1, 3, 1, 0, 2, 3, 3, 3, 2, 0, 3, 2, 1, 0, 0, 0, 1, 1, 2, 1, 0, 2, 3, 3, 3, 3, 2, 3, 2, 3, 1, 2, 1, 0, 1, 1, 1, 3, 1, 1, 3, 1, 0, 1, 1, 1, 3, 0, 1, 3, 0, 1, 2, 3, 0, 0, 2, 0, 2, 1, 3, 2, 3, 0, 2, 2, 1, 2, 2, 1, 3, 1, 3, 3, 0, 2, 2, 3, 0, 0, 1, 3, 0, 1, 0, 1, 0, 0, 0, 1, 2, 0, 3, 2, 1, 3, 1, 2, 3, 3, 3, 1, 3, 3, 2, 0, 3, 3, 1, 0, 2, 2, 2, 0, 1, 0, 3, 1, 0, 0, 1, 2, 3, 1, 1, 3, 1, 0, 0, 3, 0, 1, 1, 0, 1, 0, 0, 0, 0, 1, 3, 3, 0, 0, 0, 0, 0, 0, 0, 0, 3, 3, 3, 3, 1, 1, 3, 3, 1, 0, 0, 3, 1, 3, 0, 1, 2, 1, 1, 3, 1, 2, 3, 2, 3, 3, 2, 0, 0, 2, 0, 0, 0, 3, 1, 1, 3, 2, 1, 1, 3, 2, 2, 0, 1, 1, 0, 2, 0, 1, 0, 2, 0, 2, 0, 0, 2, 3, 0, 1, 0, 1, 2, 3, 1, 0, 2, 1, 2, 1, 0, 0, 1, 3, 1, 0, 2, 1, 3, 3, 3, 0, 0, 3, 2, 3, 1, 0, 0, 3, 3, 3, 0, 0, 0, 3, 0, 0, 1, 0, 0, 0, 2, 2, 3, 1, 3, 0, 2, 3, 0, 2, 0, 0, 1, 3, 0, 1, 2, 2, 0, 1, 1, 2, 1, 0, 1, 3, 0, 1, 2, 0, 1, 1, 1, 1, 2, 0, 1, 3, 3, 2, 0, 3, 1, 0, 0, 2, 3, 2, 1, 2, 0, 3, 3, 3, 1, 2, 1, 3, 0, 0, 1, 2, 0, 0, 1, 3, 0, 1, 3, 0, 2, 0, 3, 0, 1, 2, 1, 0, 2, 2, 3, 2, 2, 1, 0, 3, 0, 2, 0, 0, 2, 2, 2, 0, 1, 2, 1, 3, 2, 1, 1, 0, 0, 1, 0, 2, 1, 2, 1, 0, 2, 1, 1, 1, 3, 1, 2, 3, 1, 1, 0, 2, 3, 0, 3, 0, 3, 2, 1, 2, 3, 3, 1, 0, 1, 1, 2, 2, 1, 2, 0, 3, 1, 0, 2, 3, 1, 2, 2, 0, 3, 0, 2, 2, 2, 3, 1, 3, 1, 1, 2, 2, 1, 0, 0, 2, 2, 1, 0, 2, 2, 1, 2, 3, 2, 3, 2, 0, 1, 1, 3, 1, 3, 0, 0, 1, 0, 1, 3, 2, 0, 0, 0, 3, 2, 3, 2, 3, 2, 2, 0, 3, 3, 3, 2, 1, 1, 2, 0, 0, 1, 0, 1, 3, 3, 2, 1, 0, 2, 0, 1, 0, 3, 2, 2, 3, 0, 2, 2, 3, 2, 3, 1, 1, 3, 3, 0, 3, 3, 1, 1, 1, 3, 1, 0, 0, 1, 0, 1, 2, 2, 0, 3, 1, 3, 2, 0, 2, 3, 0, 2, 1, 2, 1, 1, 0, 1, 2, 2, 0, 1, 0, 3, 3, 1, 1, 3, 0, 0, 0, 3, 2, 3, 1, 3, 1, 1, 3, 1, 2, 0, 3, 1, 0, 1, 1, 1, 0, 3, 1, 0, 1, 3, 3, 2, 1, 2, 3, 0, 0, 2, 1, 1, 2, 0, 0, 2, 0, 0, 2, 0, 1, 2, 1, 2, 0, 3, 0, 3, 0, 1, 2, 1, 0, 3, 0, 2, 0, 0, 2, 1, 0, 0, 3, 2, 3, 2, 0, 1, 0, 0, 2, 0, 0, 2, 3, 0, 0, 3, 0, 1, 2, 0, 2, 3, 2, 3, 1, 2, 0, 3, 1, 1, 3, 2, 1, 1, 3, 3, 0, 0, 0, 3, 0, 0, 1, 0, 1, 2, 2, 0, 0, 2, 2, 2, 2, 1, 0, 2, 3, 3, 3, 0, 2, 3, 0, 2, 0, 0, 2, 2, 2, 0, 0, 2, 2, 3, 0, 3, 1, 1, 3, 3, 3, 0, 2, 2, 2, 1, 0, 2, 3, 1, 2, 3, 2, 1, 2, 2, 2, 1, 2, 3, 0, 0, 2, 3, 2, 0, 3, 2, 1, 1, 2, 3, 3, 0, 2, 2, 1, 3, 1, 1, 2, 1, 1, 2, 3, 1, 1, 1, 3, 1, 3, 0, 3, 1, 3, 3, 3, 1, 2, 2, 3, 2, 2, 1, 3, 1, 2, 1, 1, 1, 0, 0, 2, 2, 0, 1, 0, 3, 2, 3, 0, 2, 1, 0, 1, 2, 0, 0, 0, 1, 1, 3, 1, 3, 3, 3, 3, 3, 3, 3, 3, 0, 2, 1, 0, 0, 2, 3, 1, 2, 1, 1, 0, 0, 1, 0, 1, 3, 1, 0, 0, 2, 3, 3, 2, 1, 3, 1, 3, 3, 2, 3, 2, 0, 2, 3, 2, 3, 0, 0, 2, 0, 2, 1, 2, 2, 3, 1, 3, 0, 0, 0, 0, 2, 2, 1, 3, 2, 0, 0, 3, 3, 2, 1, 3, 2, 3, 0, 1, 3, 2, 2, 3, 3, 3, 1, 1, 1, 3, 3, 3, 1, 2, 2, 2, 0, 0, 2, 1, 1, 3, 0, 0, 3, 0, 3, 3, 0, 3, 0, 1, 3, 3, 1, 1, 3, 1, 1, 1, 0, 1, 2, 0, 2, 0, 2, 2, 2, 2, 3, 3, 2, 1, 1, 1, 1, 0, 2, 0, 0, 3, 1, 0, 2, 2, 0, 3, 3, 3, 0, 1, 0, 1, 3, 0, 0, 3, 1, 0, 0, 0, 2, 0, 2, 3, 3, 3, 2, 2, 2, 1, 0, 2, 3, 2, 3, 1, 0, 1, 0, 2, 1, 0, 0, 2, 2, 0, 0, 0, 0, 3, 0, 0, 3, 0, 2, 2, 0, 3, 2, 3, 3, 2, 2, 0, 2, 0, 0, 1, 0, 2, 1, 0, 2, 0, 0, 1, 3, 2, 1, 2, 1, 0, 2, 2, 0, 0, 1, 2, 1, 2, 0, 1, 2, 3, 3, 1, 1, 2, 0, 0, 3, 0, 3, 1, 0, 1, 0, 3, 3, 0, 3, 0, 1, 2, 3, 0, 0, 3, 1, 2, 3, 1, 1, 0, 2, 3, 3, 2, 0, 2, 1, 2, 1, 1, 1, 0, 2, 2, 3, 0, 1, 2, 0, 1, 1, 3, 2, 3, 0, 2, 3, 3, 1, 0, 3, 3, 1, 2, 1, 0, 2, 3, 3, 3, 1, 0, 3, 0, 0, 1, 1, 3, 3, 2, 3, 3, 1, 0, 0, 0, 1, 0, 3, 0, 3, 1, 2, 1, 1, 2, 2, 2, 3, 1, 1, 3, 1, 2, 0, 1, 2, 3, 1, 0, 3, 1, 2, 2, 2, 0, 1, 0, 0, 0, 3, 2, 0, 1, 2, 3, 2, 3, 1, 0, 2, 1, 2, 3, 3, 1, 3, 1, 1, 3, 3, 2, 2, 3, 0, 0, 0, 1, 3, 3, 2, 2, 2, 3]

----------------------------TRAIN----------------------------


----------------------------TEST----------------------------

[[  0   0   0   0   0]
 [  0   0   0   0   0]
 [  0   0   0   0   0]
 [  0   0   0   0   0]
 [201 160 145   5   0]]
              precision    recall  f1-score   support

           0       0.00      0.00      0.00       0.0
           1       0.00      0.00      0.00       0.0
           2       0.00      0.00      0.00       0.0
           3       0.00      0.00      0.00       0.0
           4       0.00      0.00      0.00     511.0

    accuracy                           0.00     511.0
   macro avg       0.00      0.00      0.00     511.0
weighted avg       0.00      0.00      0.00     511.0


ground truth: [4, 4, 4, 4, 4, 4, 4, 4, 4, 4, 4, 4, 4, 4, 4, 4, 4, 4, 4, 4, 4, 4, 4, 4, 4, 4, 4, 4, 4, 4, 4, 4, 4, 4, 4, 4, 4, 4, 4, 4, 4, 4, 4, 4, 4, 4, 4, 4, 4, 4, 4, 4, 4, 4, 4, 4, 4, 4, 4, 4, 4, 4, 4, 4, 4, 4, 4, 4, 4, 4, 4, 4, 4, 4, 4, 4, 4, 4, 4, 4, 4, 4, 4, 4, 4, 4, 4, 4, 4, 4, 4, 4, 4, 4, 4, 4, 4, 4, 4, 4, 4, 4, 4, 4, 4, 4, 4, 4, 4, 4, 4, 4, 4, 4, 4, 4, 4, 4, 4, 4, 4, 4, 4, 4, 4, 4, 4, 4, 4, 4, 4, 4, 4, 4, 4, 4, 4, 4, 4, 4, 4, 4, 4, 4, 4, 4, 4, 4, 4, 4, 4, 4, 4, 4, 4, 4, 4, 4, 4, 4, 4, 4, 4, 4, 4, 4, 4, 4, 4, 4, 4, 4, 4, 4, 4, 4, 4, 4, 4, 4, 4, 4, 4, 4, 4, 4, 4, 4, 4, 4, 4, 4, 4, 4, 4, 4, 4, 4, 4, 4, 4, 4, 4, 4, 4, 4, 4, 4, 4, 4, 4, 4, 4, 4, 4, 4, 4, 4, 4, 4, 4, 4, 4, 4, 4, 4, 4, 4, 4, 4, 4, 4, 4, 4, 4, 4, 4, 4, 4, 4, 4, 4, 4, 4, 4, 4, 4, 4, 4, 4, 4, 4, 4, 4, 4, 4, 4, 4, 4, 4, 4, 4, 4, 4, 4, 4, 4, 4, 4, 4, 4, 4, 4, 4, 4, 4, 4, 4, 4, 4, 4, 4, 4, 4, 4, 4, 4, 4, 4, 4, 4, 4, 4, 4, 4, 4, 4, 4, 4, 4, 4, 4, 4, 4, 4, 4, 4, 4, 4, 4, 4, 4, 4, 4, 4, 4, 4, 4, 4, 4, 4, 4, 4, 4, 4, 4, 4, 4, 4, 4, 4, 4, 4, 4, 4, 4, 4, 4, 4, 4, 4, 4, 4, 4, 4, 4, 4, 4, 4, 4, 4, 4, 4, 4, 4, 4, 4, 4, 4, 4, 4, 4, 4, 4, 4, 4, 4, 4, 4, 4, 4, 4, 4, 4, 4, 4, 4, 4, 4, 4, 4, 4, 4, 4, 4, 4, 4, 4, 4, 4, 4, 4, 4, 4, 4, 4, 4, 4, 4, 4, 4, 4, 4, 4, 4, 4, 4, 4, 4, 4, 4, 4, 4, 4, 4, 4, 4, 4, 4, 4, 4, 4, 4, 4, 4, 4, 4, 4, 4, 4, 4, 4, 4, 4, 4, 4, 4, 4, 4, 4, 4, 4, 4, 4, 4, 4, 4, 4, 4, 4, 4, 4, 4, 4, 4, 4, 4, 4, 4, 4, 4, 4, 4, 4, 4, 4, 4, 4, 4, 4, 4, 4, 4, 4, 4, 4, 4, 4, 4, 4, 4, 4, 4, 4, 4, 4, 4, 4, 4, 4, 4, 4, 4, 4, 4, 4, 4, 4, 4, 4, 4, 4, 4, 4, 4, 4, 4, 4, 4, 4, 4]
prediction:   [0, 1, 2, 1, 2, 1, 2, 1, 2, 0, 1, 2, 2, 1, 2, 2, 1, 2, 0, 0, 0, 2, 0, 0, 2, 0, 2, 1, 2, 2, 1, 0, 2, 0, 0, 1, 1, 0, 0, 2, 1, 0, 0, 0, 0, 0, 2, 1, 2, 1, 2, 2, 2, 0, 0, 2, 2, 0, 0, 1, 1, 3, 0, 0, 0, 0, 2, 2, 1, 1, 0, 0, 1, 1, 0, 0, 3, 1, 0, 1, 1, 1, 1, 0, 2, 0, 1, 0, 0, 0, 1, 1, 2, 0, 0, 0, 1, 1, 1, 2, 0, 2, 0, 1, 1, 0, 2, 0, 1, 1, 1, 1, 2, 2, 1, 0, 1, 0, 0, 1, 2, 0, 2, 0, 2, 0, 0, 0, 0, 0, 0, 0, 0, 0, 0, 0, 1, 0, 2, 0, 0, 0, 2, 2, 0, 1, 0, 0, 0, 0, 0, 1, 0, 0, 1, 0, 0, 0, 0, 0, 3, 1, 1, 0, 2, 0, 1, 0, 1, 0, 1, 1, 0, 0, 1, 0, 0, 1, 1, 0, 0, 0, 0, 1, 2, 1, 1, 0, 1, 2, 0, 0, 0, 2, 1, 1, 2, 2, 1, 2, 1, 0, 0, 1, 1, 0, 0, 0, 0, 1, 1, 1, 0, 0, 2, 0, 2, 0, 2, 0, 1, 1, 1, 0, 0, 0, 0, 2, 0, 2, 0, 0, 0, 1, 1, 0, 0, 1, 1, 2, 0, 0, 2, 0, 2, 0, 0, 1, 1, 1, 2, 0, 2, 0, 0, 0, 1, 0, 0, 0, 2, 0, 0, 0, 0, 1, 1, 1, 0, 0, 2, 0, 0, 1, 1, 0, 2, 0, 1, 0, 2, 0, 0, 0, 0, 1, 0, 3, 2, 0, 0, 0, 0, 3, 0, 1, 1, 2, 1, 1, 1, 0, 0, 1, 2, 1, 0, 2, 1, 2, 2, 0, 1, 1, 0, 0, 2, 1, 1, 0, 2, 2, 2, 2, 0, 0, 0, 0, 2, 2, 0, 1, 2, 2, 0, 0, 1, 0, 1, 0, 0, 0, 1, 1, 0, 2, 2, 1, 1, 0, 2, 0, 2, 2, 0, 2, 0, 0, 2, 2, 0, 2, 0, 1, 0, 0, 0, 0, 2, 1, 1, 1, 1, 0, 0, 1, 0, 1, 1, 0, 2, 0, 0, 1, 1, 0, 2, 2, 1, 0, 1, 0, 0, 2, 1, 2, 1, 0, 0, 2, 0, 1, 1, 2, 1, 2, 1, 2, 2, 2, 0, 1, 2, 2, 1, 2, 2, 1, 2, 2, 0, 1, 2, 2, 2, 2, 0, 2, 1, 2, 2, 1, 2, 2, 0, 2, 1, 1, 2, 1, 2, 1, 0, 2, 2, 0, 0, 2, 1, 2, 1, 2, 2, 2, 0, 2, 2, 2, 1, 0, 1, 1, 2, 2, 2, 1, 2, 2, 2, 2, 1, 0, 2, 1, 1, 2, 0, 1, 1, 2, 1, 1, 1, 1, 1, 2, 2, 1, 0, 2, 1, 1, 1, 2, 1, 2, 2, 1, 1, 1, 2, 2, 2, 1, 1, 1, 2, 2, 2, 1, 1]

----------------------------TEST----------------------------


Epochs: 1             | Train Loss:  0.111             | Train Accuracy:  0.947             | Val Loss:  2.237             | Val Accuracy:  0.159

100%|██████████████████████████████████████████████████████████████████████████████████████████████████████████████████████████████████████████████████████████████████████████████████████████████████████████████████████████████████████████████| 1022/1022 [47:14<00:00,  2.77s/it]


----------------------------TRAIN----------------------------

[[500   2   9   0]
 [  1 508   2   0]
 [  5   3 502   1]
 [  1   0   1 509]]
              precision    recall  f1-score   support

           0       0.99      0.98      0.98       511
           1       0.99      0.99      0.99       511
           2       0.98      0.98      0.98       511
           3       1.00      1.00      1.00       511

    accuracy                           0.99      2044
   macro avg       0.99      0.99      0.99      2044
weighted avg       0.99      0.99      0.99      2044


ground truth: [2, 2, 0, 3, 2, 2, 0, 0, 2, 3, 3, 0, 0, 3, 3, 1, 2, 3, 3, 1, 1, 0, 1, 0, 2, 2, 0, 3, 0, 1, 2, 2, 3, 3, 1, 3, 3, 1, 1, 3, 2, 3, 1, 1, 2, 3, 1, 2, 0, 2, 2, 2, 0, 3, 0, 3, 0, 0, 1, 0, 2, 0, 2, 2, 3, 0, 1, 1, 0, 2, 2, 0, 1, 2, 2, 0, 0, 0, 2, 2, 1, 0, 1, 1, 2, 1, 0, 2, 1, 2, 0, 1, 0, 3, 2, 3, 2, 1, 1, 1, 3, 1, 0, 0, 0, 1, 2, 3, 3, 0, 1, 2, 0, 0, 1, 3, 1, 2, 1, 1, 2, 3, 0, 3, 3, 0, 0, 0, 2, 0, 2, 1, 0, 2, 1, 0, 3, 1, 2, 0, 0, 1, 2, 2, 3, 1, 3, 0, 1, 0, 0, 2, 1, 3, 3, 1, 2, 1, 0, 2, 0, 3, 1, 1, 1, 1, 3, 3, 1, 3, 1, 3, 0, 0, 1, 2, 0, 2, 2, 3, 1, 3, 3, 3, 0, 0, 2, 1, 3, 1, 0, 3, 0, 1, 0, 1, 2, 1, 3, 1, 0, 2, 3, 2, 2, 2, 0, 3, 3, 2, 2, 3, 0, 3, 0, 3, 3, 0, 1, 1, 0, 0, 2, 0, 2, 2, 2, 3, 2, 2, 0, 0, 0, 3, 2, 3, 2, 2, 2, 3, 3, 2, 2, 1, 1, 3, 1, 1, 0, 1, 3, 1, 2, 1, 1, 3, 2, 2, 0, 3, 3, 0, 1, 2, 0, 0, 3, 1, 0, 3, 1, 2, 0, 0, 0, 3, 0, 3, 3, 1, 0, 1, 2, 2, 2, 3, 1, 2, 0, 0, 0, 1, 1, 3, 1, 0, 1, 2, 0, 3, 2, 2, 3, 0, 2, 2, 2, 3, 3, 0, 2, 0, 0, 0, 3, 0, 1, 2, 3, 1, 2, 1, 2, 1, 2, 0, 0, 3, 2, 2, 3, 1, 3, 2, 1, 1, 3, 2, 1, 0, 1, 1, 0, 2, 3, 0, 0, 2, 2, 1, 3, 1, 2, 0, 1, 2, 1, 0, 1, 0, 1, 3, 1, 3, 3, 3, 1, 2, 3, 0, 2, 3, 1, 1, 2, 0, 2, 3, 1, 1, 2, 0, 1, 1, 3, 3, 3, 2, 3, 3, 0, 3, 2, 2, 0, 1, 3, 3, 3, 3, 0, 0, 0, 3, 0, 3, 1, 3, 3, 2, 0, 2, 1, 2, 0, 1, 3, 3, 2, 0, 3, 3, 1, 0, 0, 3, 0, 1, 0, 1, 1, 0, 0, 1, 2, 3, 3, 1, 1, 1, 3, 3, 3, 3, 3, 0, 1, 3, 3, 0, 0, 3, 1, 3, 1, 3, 3, 2, 2, 2, 0, 1, 1, 3, 3, 3, 2, 1, 2, 3, 1, 1, 3, 0, 3, 2, 3, 3, 1, 1, 1, 1, 1, 3, 2, 2, 1, 1, 1, 3, 3, 0, 0, 3, 3, 0, 1, 0, 0, 1, 3, 3, 0, 2, 0, 2, 3, 1, 0, 0, 0, 1, 2, 2, 1, 2, 0, 3, 0, 2, 3, 3, 3, 3, 0, 1, 3, 0, 1, 0, 1, 2, 2, 3, 1, 2, 2, 0, 2, 1, 1, 3, 0, 3, 2, 2, 3, 0, 2, 0, 2, 1, 2, 3, 2, 2, 3, 1, 0, 2, 1, 2, 0, 2, 1, 3, 3, 1, 3, 1, 2, 2, 1, 2, 0, 1, 0, 2, 0, 3, 1, 1, 1, 1, 3, 0, 0, 2, 1, 1, 2, 2, 0, 3, 1, 3, 3, 2, 2, 1, 1, 1, 2, 0, 3, 1, 0, 0, 0, 2, 0, 0, 0, 1, 2, 2, 1, 0, 2, 2, 1, 3, 2, 0, 0, 0, 3, 0, 0, 0, 3, 3, 2, 0, 1, 1, 1, 2, 3, 2, 0, 0, 0, 2, 3, 1, 1, 2, 2, 0, 1, 2, 3, 0, 2, 1, 0, 3, 1, 0, 0, 3, 0, 2, 2, 3, 0, 2, 0, 1, 1, 3, 0, 1, 0, 2, 0, 0, 0, 0, 0, 1, 2, 3, 1, 0, 1, 2, 0, 0, 2, 1, 0, 1, 1, 1, 1, 3, 3, 0, 3, 3, 3, 2, 1, 2, 2, 1, 2, 1, 2, 2, 0, 0, 2, 2, 2, 2, 3, 0, 3, 2, 1, 2, 3, 2, 1, 3, 0, 1, 3, 1, 2, 2, 1, 1, 2, 1, 1, 2, 0, 0, 2, 1, 0, 2, 3, 3, 0, 1, 1, 0, 3, 0, 1, 2, 0, 3, 1, 3, 1, 3, 1, 3, 2, 0, 1, 0, 1, 0, 2, 1, 0, 3, 2, 0, 0, 2, 0, 0, 1, 2, 2, 0, 2, 1, 0, 1, 1, 1, 1, 0, 3, 0, 0, 2, 3, 2, 0, 0, 0, 3, 3, 3, 1, 0, 3, 0, 1, 2, 0, 1, 1, 3, 2, 2, 1, 2, 0, 0, 1, 1, 0, 3, 0, 1, 3, 3, 1, 2, 2, 1, 0, 1, 2, 0, 2, 3, 3, 3, 2, 1, 2, 1, 1, 2, 1, 1, 0, 3, 2, 3, 0, 3, 2, 3, 0, 0, 0, 1, 0, 1, 1, 0, 2, 3, 1, 0, 3, 0, 0, 0, 1, 1, 0, 1, 3, 2, 3, 3, 2, 1, 1, 3, 0, 2, 0, 3, 0, 2, 2, 1, 1, 3, 2, 1, 2, 2, 0, 2, 0, 0, 1, 1, 2, 1, 3, 3, 2, 3, 0, 1, 3, 0, 3, 0, 3, 3, 1, 0, 2, 0, 0, 2, 2, 3, 0, 0, 2, 3, 1, 0, 3, 2, 1, 1, 3, 2, 3, 0, 1, 1, 2, 3, 3, 0, 0, 2, 0, 1, 1, 1, 2, 0, 1, 1, 3, 1, 0, 2, 2, 3, 2, 0, 3, 2, 0, 2, 3, 1, 2, 2, 1, 2, 2, 2, 2, 3, 0, 3, 0, 1, 1, 3, 1, 1, 1, 2, 2, 1, 2, 0, 0, 0, 0, 2, 0, 2, 3, 3, 0, 1, 1, 3, 1, 2, 0, 2, 3, 1, 3, 2, 2, 3, 3, 2, 1, 3, 1, 0, 2, 0, 3, 2, 0, 2, 3, 0, 3, 3, 1, 1, 0, 0, 1, 3, 2, 3, 0, 3, 3, 3, 3, 3, 0, 0, 0, 2, 1, 1, 1, 0, 3, 0, 0, 0, 0, 2, 0, 3, 1, 0, 3, 2, 1, 3, 1, 3, 0, 0, 2, 0, 2, 2, 0, 2, 3, 0, 1, 1, 0, 3, 3, 1, 3, 3, 3, 0, 3, 1, 3, 1, 0, 3, 0, 1, 1, 0, 2, 1, 0, 0, 3, 3, 2, 1, 3, 3, 3, 2, 1, 1, 0, 3, 1, 2, 1, 1, 1, 3, 3, 0, 0, 1, 1, 2, 1, 2, 3, 1, 3, 2, 1, 0, 2, 3, 3, 2, 2, 0, 2, 1, 0, 0, 3, 2, 0, 3, 3, 2, 3, 0, 1, 2, 2, 0, 2, 1, 3, 0, 1, 2, 3, 3, 3, 2, 1, 0, 3, 2, 0, 2, 2, 2, 3, 0, 2, 1, 0, 0, 2, 2, 1, 3, 1, 0, 1, 2, 2, 0, 1, 0, 2, 0, 0, 1, 2, 3, 3, 0, 3, 2, 3, 3, 0, 0, 2, 1, 2, 3, 0, 3, 0, 2, 2, 1, 0, 2, 1, 2, 0, 1, 2, 3, 2, 0, 2, 1, 0, 0, 2, 1, 1, 0, 3, 3, 0, 2, 0, 3, 0, 1, 1, 0, 2, 1, 0, 0, 2, 2, 1, 0, 2, 3, 0, 0, 2, 0, 0, 2, 1, 2, 0, 3, 0, 0, 2, 3, 2, 2, 0, 2, 2, 2, 3, 3, 0, 1, 1, 3, 2, 3, 3, 1, 2, 0, 3, 3, 3, 2, 2, 3, 1, 3, 2, 3, 0, 1, 1, 0, 2, 1, 3, 2, 3, 0, 3, 3, 3, 3, 2, 1, 1, 2, 3, 1, 1, 3, 3, 1, 3, 3, 0, 1, 0, 2, 3, 2, 3, 0, 1, 3, 2, 1, 3, 2, 0, 1, 3, 1, 3, 0, 2, 0, 3, 1, 1, 2, 2, 1, 1, 0, 2, 0, 2, 0, 1, 2, 3, 3, 1, 2, 1, 3, 0, 1, 2, 1, 0, 2, 2, 0, 1, 3, 1, 0, 1, 0, 2, 3, 2, 1, 3, 3, 2, 0, 3, 3, 2, 2, 1, 2, 1, 3, 2, 2, 3, 2, 3, 1, 1, 1, 2, 2, 2, 2, 1, 0, 2, 3, 3, 0, 2, 1, 1, 3, 0, 1, 2, 0, 1, 1, 1, 2, 3, 2, 0, 2, 3, 2, 3, 2, 3, 3, 1, 1, 0, 1, 2, 0, 1, 3, 2, 3, 0, 0, 2, 3, 1, 0, 2, 1, 1, 0, 1, 2, 1, 1, 2, 1, 3, 1, 2, 1, 3, 0, 1, 1, 1, 0, 1, 3, 1, 1, 2, 0, 3, 1, 2, 2, 1, 1, 0, 1, 3, 3, 2, 2, 3, 3, 0, 2, 0, 3, 2, 1, 3, 3, 1, 3, 3, 2, 2, 1, 3, 1, 3, 3, 1, 1, 3, 1, 3, 1, 3, 2, 1, 2, 0, 0, 3, 1, 1, 2, 3, 0, 3, 3, 0, 2, 0, 2, 0, 0, 1, 1, 1, 1, 2, 1, 2, 0, 2, 3, 3, 3, 2, 3, 0, 2, 2, 3, 2, 3, 3, 3, 2, 0, 1, 0, 3, 0, 1, 0, 0, 0, 2, 3, 2, 2, 1, 0, 2, 2, 3, 3, 1, 2, 0, 0, 0, 2, 2, 1, 0, 3, 1, 2, 0, 0, 2, 0, 3, 1, 3, 0, 0, 0, 3, 1, 3, 2, 1, 3, 1, 0, 0, 2, 2, 1, 1, 2, 3, 3, 3, 1, 2, 0, 2, 2, 2, 2, 1, 2, 1, 2, 0, 2, 2, 3, 3, 2, 1, 3, 1, 3, 3, 2, 2, 2, 3, 2, 2, 0, 0, 3, 3, 3, 0, 0, 2, 0, 2, 0, 3, 1, 3, 2, 3, 1, 2, 0, 3, 3, 0, 1, 1, 3, 2, 2, 0, 3, 0, 3, 0, 1, 0, 1, 2, 1, 1, 3, 1, 0, 0, 3, 0, 3, 1, 1, 1, 0, 3, 2, 1, 1, 2, 2, 1, 3, 2, 1, 2, 1, 2, 3, 3, 3, 0, 3, 1, 0, 0, 0, 0, 1, 2, 0, 0, 0, 3, 2, 0, 0, 0, 1, 2, 2, 2, 3, 1, 1, 1, 1, 2, 0, 3, 3, 2, 0, 0, 2, 2, 2, 0, 1, 2, 0, 3, 3, 2, 0, 1, 3, 3, 1, 2, 2, 2, 1, 0, 0, 2, 1, 3, 0, 2, 0, 1, 0, 2, 0, 3, 1, 3, 3, 1, 0, 0, 2, 1, 3, 3, 3, 1, 1, 1, 3, 1, 2, 1, 2, 3, 1, 0, 3, 0, 0, 3, 3, 1, 2, 3, 1, 1, 0, 1, 3, 3, 0, 3, 0, 2, 0, 3, 1, 1, 3, 3, 2, 0, 1, 2, 2, 1, 1, 1, 2, 0, 3, 3, 3, 1, 2, 1, 3, 3, 2, 1, 3, 2, 0, 3, 0, 0, 2, 1, 0, 0, 3, 1, 0, 2, 1, 2, 0, 2, 2, 3, 0, 0, 0, 1, 0, 1, 2, 0, 3, 3, 3, 3, 0, 0, 2, 2, 3, 2, 1, 3, 2, 0, 2, 2, 0, 1, 2, 2, 3, 0, 2, 1, 0, 1, 2, 1, 0, 2, 2, 0, 1, 2, 1, 0, 1, 3, 1, 2, 3, 2, 0, 0, 1, 0, 1, 2, 2, 1, 0, 1, 1, 3, 3, 3, 2, 2, 0, 3, 0, 1, 3, 2, 1, 3, 3, 0, 1, 0, 1, 0, 2, 0, 3, 1, 3, 0, 3, 2, 1, 1, 1, 0, 3, 0, 2, 3, 0, 3, 3, 1, 3, 0, 2, 0, 1, 1, 2, 1, 3, 3, 3, 0, 3, 0, 1, 3, 3, 2, 2, 3, 3, 3, 0, 3, 1, 0, 0, 1, 1, 3, 2, 0, 1, 2, 2, 3, 0, 2, 0, 3, 3, 3, 1, 3, 3, 1, 3, 2, 0, 2, 3, 0, 2, 2, 1, 2, 2, 3, 2, 1, 2, 2, 1, 1, 2, 0, 0, 1, 3, 1, 0, 3, 2, 3, 1, 0, 0, 3, 3, 0, 0, 3, 2, 1, 3]
prediction:   [2, 2, 0, 3, 2, 2, 0, 0, 2, 3, 3, 0, 0, 3, 3, 1, 2, 3, 3, 1, 1, 0, 1, 0, 2, 2, 0, 3, 0, 1, 2, 2, 3, 3, 1, 3, 3, 0, 1, 3, 2, 3, 1, 1, 2, 3, 1, 2, 0, 2, 2, 2, 0, 3, 0, 3, 0, 0, 1, 0, 2, 0, 2, 2, 3, 0, 1, 1, 2, 2, 2, 0, 1, 2, 2, 0, 0, 0, 2, 2, 1, 0, 1, 1, 2, 1, 0, 2, 1, 2, 0, 1, 0, 3, 2, 3, 2, 1, 1, 1, 3, 1, 0, 0, 0, 1, 2, 3, 3, 0, 1, 2, 0, 0, 1, 3, 1, 2, 1, 1, 2, 3, 0, 3, 3, 0, 0, 0, 2, 0, 2, 1, 0, 2, 1, 0, 3, 1, 2, 0, 0, 1, 2, 2, 3, 1, 3, 0, 1, 0, 0, 2, 1, 3, 3, 1, 2, 1, 0, 2, 0, 3, 1, 1, 1, 1, 3, 3, 1, 3, 1, 3, 0, 0, 1, 2, 0, 2, 2, 3, 1, 3, 3, 3, 0, 0, 2, 1, 3, 1, 0, 3, 0, 1, 0, 1, 2, 1, 3, 1, 0, 2, 3, 2, 2, 2, 0, 3, 3, 2, 2, 3, 0, 3, 0, 3, 3, 0, 1, 1, 0, 0, 2, 0, 2, 2, 2, 3, 2, 1, 0, 0, 0, 3, 2, 3, 2, 2, 2, 3, 3, 2, 2, 1, 1, 3, 1, 1, 0, 1, 3, 1, 2, 1, 1, 3, 2, 2, 0, 3, 3, 0, 1, 2, 0, 0, 3, 1, 0, 3, 1, 2, 0, 0, 0, 3, 0, 3, 3, 1, 0, 1, 2, 2, 2, 3, 1, 2, 0, 0, 0, 1, 1, 3, 1, 0, 1, 2, 0, 3, 2, 2, 3, 0, 2, 2, 2, 3, 3, 0, 2, 0, 0, 0, 3, 0, 1, 2, 3, 1, 2, 1, 2, 1, 2, 0, 0, 3, 2, 2, 3, 1, 3, 2, 1, 1, 3, 2, 1, 0, 1, 1, 0, 2, 3, 0, 0, 2, 2, 1, 3, 1, 2, 0, 1, 2, 1, 0, 1, 0, 1, 3, 1, 3, 3, 3, 1, 2, 3, 0, 2, 3, 1, 1, 2, 0, 0, 3, 1, 1, 2, 0, 1, 1, 3, 3, 3, 2, 3, 3, 0, 3, 2, 2, 0, 1, 3, 3, 3, 3, 0, 0, 0, 3, 0, 3, 1, 3, 3, 2, 0, 2, 1, 2, 0, 1, 3, 3, 2, 0, 3, 3, 1, 0, 0, 3, 0, 1, 0, 1, 1, 0, 0, 1, 2, 3, 3, 1, 1, 1, 3, 3, 3, 3, 3, 0, 1, 3, 3, 0, 0, 3, 1, 3, 1, 3, 3, 2, 2, 2, 0, 1, 1, 3, 3, 3, 2, 1, 2, 3, 1, 1, 3, 0, 3, 2, 3, 3, 1, 1, 1, 1, 1, 3, 2, 2, 1, 1, 1, 3, 3, 0, 0, 3, 3, 0, 1, 0, 0, 1, 3, 3, 0, 2, 0, 2, 3, 1, 0, 0, 0, 1, 2, 2, 1, 2, 0, 3, 0, 2, 3, 3, 3, 3, 2, 1, 3, 0, 1, 0, 1, 2, 2, 3, 1, 2, 2, 0, 2, 1, 1, 3, 0, 3, 2, 2, 3, 0, 2, 0, 2, 1, 2, 3, 2, 2, 3, 1, 0, 2, 1, 2, 0, 2, 1, 3, 3, 1, 3, 1, 0, 2, 1, 2, 0, 1, 0, 2, 0, 3, 1, 1, 1, 1, 3, 0, 0, 2, 1, 1, 2, 2, 0, 3, 1, 3, 3, 2, 2, 1, 1, 1, 2, 0, 3, 1, 0, 0, 0, 2, 0, 0, 0, 1, 2, 2, 1, 0, 2, 0, 1, 3, 2, 0, 0, 0, 3, 0, 0, 0, 3, 3, 2, 0, 1, 1, 1, 2, 3, 2, 0, 0, 0, 2, 3, 1, 1, 2, 2, 0, 1, 2, 3, 0, 2, 1, 0, 3, 1, 0, 0, 3, 0, 2, 2, 3, 0, 2, 0, 1, 1, 3, 0, 1, 0, 2, 0, 0, 0, 0, 0, 1, 2, 3, 1, 0, 1, 2, 0, 0, 2, 1, 0, 1, 1, 1, 1, 3, 3, 0, 3, 3, 3, 2, 1, 2, 2, 1, 2, 1, 3, 2, 0, 1, 2, 2, 2, 2, 3, 0, 3, 2, 1, 2, 3, 2, 1, 3, 2, 1, 3, 1, 2, 2, 1, 1, 2, 1, 1, 2, 0, 0, 2, 1, 0, 2, 3, 3, 0, 1, 1, 0, 3, 0, 1, 2, 0, 3, 1, 3, 1, 3, 1, 3, 2, 0, 1, 0, 1, 0, 2, 1, 0, 3, 2, 0, 0, 2, 0, 0, 1, 2, 2, 0, 2, 1, 0, 1, 1, 1, 1, 0, 3, 0, 0, 2, 3, 2, 0, 0, 0, 3, 3, 3, 1, 0, 3, 0, 1, 2, 1, 1, 1, 3, 2, 2, 1, 2, 0, 0, 1, 1, 0, 3, 0, 1, 3, 3, 1, 2, 2, 1, 0, 1, 2, 0, 2, 3, 3, 3, 2, 1, 2, 1, 1, 2, 1, 1, 0, 3, 2, 3, 0, 3, 2, 3, 0, 0, 0, 1, 0, 1, 1, 0, 2, 3, 1, 0, 3, 0, 0, 0, 1, 1, 0, 1, 3, 2, 3, 3, 2, 1, 1, 3, 0, 2, 0, 3, 0, 2, 2, 1, 1, 3, 2, 1, 2, 2, 0, 2, 0, 0, 1, 1, 2, 1, 3, 3, 2, 3, 0, 1, 3, 0, 3, 0, 3, 3, 1, 0, 2, 0, 0, 2, 2, 3, 0, 0, 2, 3, 1, 0, 3, 2, 1, 1, 3, 2, 3, 0, 1, 1, 2, 3, 3, 0, 0, 2, 0, 1, 1, 1, 2, 0, 1, 1, 3, 1, 0, 2, 2, 3, 2, 0, 3, 2, 0, 2, 3, 1, 2, 2, 1, 2, 2, 2, 2, 3, 0, 3, 0, 1, 1, 3, 1, 1, 1, 2, 2, 1, 2, 0, 0, 0, 0, 2, 0, 2, 3, 3, 0, 1, 1, 3, 1, 2, 0, 2, 3, 1, 3, 2, 2, 3, 3, 2, 1, 3, 1, 0, 2, 0, 3, 2, 0, 2, 3, 0, 3, 3, 1, 1, 0, 0, 1, 3, 2, 3, 0, 3, 3, 3, 3, 3, 0, 0, 0, 2, 1, 1, 1, 0, 3, 2, 0, 0, 0, 2, 0, 3, 1, 0, 3, 2, 1, 3, 1, 3, 0, 0, 2, 0, 2, 2, 0, 2, 3, 0, 1, 1, 0, 3, 3, 1, 3, 3, 3, 0, 3, 1, 3, 1, 0, 3, 0, 1, 1, 0, 2, 1, 0, 0, 3, 3, 2, 1, 3, 3, 3, 2, 1, 1, 0, 3, 1, 2, 1, 1, 1, 3, 3, 0, 0, 1, 1, 2, 1, 2, 3, 1, 3, 2, 1, 0, 2, 3, 3, 2, 1, 0, 2, 1, 0, 0, 3, 2, 0, 3, 3, 2, 3, 0, 1, 2, 2, 0, 2, 1, 3, 0, 1, 2, 3, 3, 3, 2, 1, 0, 3, 2, 0, 2, 2, 2, 3, 0, 2, 1, 0, 0, 2, 2, 1, 3, 1, 0, 1, 2, 2, 0, 1, 0, 2, 0, 0, 1, 2, 3, 3, 0, 3, 2, 3, 3, 0, 0, 2, 1, 2, 3, 0, 3, 0, 2, 2, 1, 0, 2, 1, 2, 0, 1, 2, 3, 2, 0, 2, 1, 0, 0, 2, 1, 1, 0, 3, 3, 0, 2, 0, 3, 0, 1, 1, 0, 2, 1, 0, 0, 2, 2, 1, 0, 2, 3, 0, 0, 2, 0, 0, 2, 1, 2, 0, 3, 0, 0, 2, 3, 2, 2, 0, 2, 2, 2, 3, 3, 0, 1, 1, 3, 2, 3, 3, 1, 2, 0, 3, 3, 3, 2, 2, 3, 1, 3, 2, 3, 0, 1, 1, 0, 2, 1, 3, 2, 3, 0, 3, 3, 3, 3, 2, 1, 1, 2, 3, 1, 1, 3, 3, 1, 3, 3, 0, 1, 0, 2, 3, 2, 3, 0, 1, 3, 2, 1, 3, 2, 0, 1, 3, 1, 3, 0, 2, 0, 3, 1, 1, 2, 0, 1, 1, 0, 2, 0, 2, 0, 1, 2, 3, 3, 1, 2, 1, 3, 0, 1, 2, 1, 0, 2, 2, 0, 1, 3, 1, 0, 1, 0, 2, 3, 2, 1, 3, 3, 2, 0, 3, 3, 2, 2, 1, 2, 1, 3, 2, 2, 3, 2, 3, 1, 1, 1, 2, 2, 2, 2, 1, 0, 2, 3, 3, 0, 2, 1, 1, 3, 0, 1, 2, 0, 1, 1, 1, 2, 3, 2, 0, 2, 3, 2, 3, 2, 3, 3, 1, 1, 0, 1, 2, 0, 1, 3, 2, 3, 0, 0, 2, 3, 1, 0, 2, 1, 1, 2, 1, 2, 1, 1, 2, 1, 3, 1, 2, 1, 3, 0, 1, 1, 1, 0, 1, 3, 1, 1, 2, 0, 3, 1, 2, 2, 1, 1, 0, 1, 3, 3, 2, 2, 3, 3, 0, 2, 0, 3, 2, 1, 3, 3, 1, 3, 3, 2, 2, 1, 3, 1, 3, 0, 1, 1, 3, 1, 3, 1, 3, 2, 1, 2, 0, 0, 3, 1, 1, 2, 3, 0, 3, 3, 0, 2, 0, 2, 0, 0, 1, 1, 1, 1, 2, 1, 2, 0, 2, 3, 3, 3, 2, 3, 0, 2, 2, 3, 2, 3, 3, 3, 2, 0, 1, 0, 3, 0, 1, 0, 0, 0, 2, 3, 2, 2, 1, 2, 2, 2, 3, 3, 1, 2, 0, 0, 0, 2, 2, 1, 0, 3, 1, 2, 0, 0, 2, 0, 3, 1, 3, 0, 0, 0, 3, 1, 3, 2, 1, 3, 1, 0, 0, 2, 2, 1, 1, 2, 3, 3, 3, 1, 2, 0, 2, 2, 2, 2, 1, 2, 1, 2, 0, 2, 2, 3, 3, 2, 1, 3, 1, 3, 3, 2, 2, 2, 3, 2, 2, 0, 0, 3, 3, 3, 0, 0, 2, 0, 2, 0, 3, 1, 3, 2, 3, 1, 2, 0, 3, 3, 0, 1, 1, 3, 2, 2, 0, 3, 0, 3, 0, 1, 0, 1, 2, 1, 1, 3, 1, 0, 0, 3, 0, 3, 1, 1, 1, 0, 3, 2, 1, 1, 2, 2, 1, 3, 2, 1, 2, 1, 2, 3, 3, 3, 0, 3, 1, 0, 0, 0, 0, 1, 2, 0, 0, 0, 3, 2, 0, 0, 0, 1, 2, 2, 2, 3, 1, 1, 1, 1, 2, 0, 3, 3, 2, 0, 0, 2, 2, 2, 0, 1, 2, 0, 3, 3, 2, 0, 1, 3, 3, 1, 2, 2, 0, 1, 0, 0, 2, 1, 3, 0, 2, 0, 1, 0, 2, 0, 3, 1, 3, 3, 1, 0, 0, 2, 1, 3, 3, 3, 1, 1, 1, 3, 1, 2, 1, 2, 3, 1, 0, 3, 0, 0, 2, 3, 1, 2, 3, 1, 1, 0, 1, 3, 3, 0, 3, 2, 2, 0, 3, 1, 1, 3, 3, 2, 2, 2, 2, 2, 1, 1, 1, 2, 0, 3, 3, 3, 1, 2, 1, 3, 3, 2, 1, 3, 2, 0, 3, 0, 0, 2, 1, 0, 0, 3, 1, 0, 2, 1, 2, 0, 2, 2, 3, 0, 0, 0, 1, 0, 1, 2, 0, 3, 3, 3, 3, 0, 0, 2, 2, 3, 2, 1, 3, 2, 0, 2, 2, 0, 1, 2, 2, 3, 0, 2, 2, 0, 1, 2, 1, 0, 2, 2, 0, 1, 2, 1, 0, 1, 3, 1, 2, 3, 2, 0, 0, 1, 0, 1, 2, 2, 1, 0, 1, 1, 3, 3, 3, 2, 2, 0, 3, 0, 1, 3, 2, 1, 3, 3, 0, 1, 0, 1, 0, 2, 0, 3, 1, 3, 0, 3, 2, 1, 1, 1, 0, 3, 0, 2, 3, 0, 3, 3, 1, 3, 0, 2, 0, 1, 1, 2, 1, 3, 3, 3, 0, 3, 0, 1, 3, 3, 2, 2, 3, 3, 3, 0, 3, 1, 2, 0, 1, 1, 3, 2, 0, 1, 2, 2, 3, 0, 2, 0, 3, 3, 3, 1, 3, 3, 1, 3, 2, 0, 2, 3, 0, 2, 2, 1, 2, 2, 3, 2, 1, 2, 2, 1, 1, 2, 0, 0, 1, 3, 1, 0, 3, 1, 3, 1, 0, 0, 3, 3, 0, 0, 3, 2, 1, 3]

----------------------------TRAIN----------------------------


----------------------------TEST----------------------------

[[  0   0   0   0   0]
 [  0   0   0   0   0]
 [  0   0   0   0   0]
 [  0   0   0   0   0]
 [188 290  28   5   0]]
              precision    recall  f1-score   support

           0       0.00      0.00      0.00       0.0
           1       0.00      0.00      0.00       0.0
           2       0.00      0.00      0.00       0.0
           3       0.00      0.00      0.00       0.0
           4       0.00      0.00      0.00     511.0

    accuracy                           0.00     511.0
   macro avg       0.00      0.00      0.00     511.0
weighted avg       0.00      0.00      0.00     511.0


ground truth: [4, 4, 4, 4, 4, 4, 4, 4, 4, 4, 4, 4, 4, 4, 4, 4, 4, 4, 4, 4, 4, 4, 4, 4, 4, 4, 4, 4, 4, 4, 4, 4, 4, 4, 4, 4, 4, 4, 4, 4, 4, 4, 4, 4, 4, 4, 4, 4, 4, 4, 4, 4, 4, 4, 4, 4, 4, 4, 4, 4, 4, 4, 4, 4, 4, 4, 4, 4, 4, 4, 4, 4, 4, 4, 4, 4, 4, 4, 4, 4, 4, 4, 4, 4, 4, 4, 4, 4, 4, 4, 4, 4, 4, 4, 4, 4, 4, 4, 4, 4, 4, 4, 4, 4, 4, 4, 4, 4, 4, 4, 4, 4, 4, 4, 4, 4, 4, 4, 4, 4, 4, 4, 4, 4, 4, 4, 4, 4, 4, 4, 4, 4, 4, 4, 4, 4, 4, 4, 4, 4, 4, 4, 4, 4, 4, 4, 4, 4, 4, 4, 4, 4, 4, 4, 4, 4, 4, 4, 4, 4, 4, 4, 4, 4, 4, 4, 4, 4, 4, 4, 4, 4, 4, 4, 4, 4, 4, 4, 4, 4, 4, 4, 4, 4, 4, 4, 4, 4, 4, 4, 4, 4, 4, 4, 4, 4, 4, 4, 4, 4, 4, 4, 4, 4, 4, 4, 4, 4, 4, 4, 4, 4, 4, 4, 4, 4, 4, 4, 4, 4, 4, 4, 4, 4, 4, 4, 4, 4, 4, 4, 4, 4, 4, 4, 4, 4, 4, 4, 4, 4, 4, 4, 4, 4, 4, 4, 4, 4, 4, 4, 4, 4, 4, 4, 4, 4, 4, 4, 4, 4, 4, 4, 4, 4, 4, 4, 4, 4, 4, 4, 4, 4, 4, 4, 4, 4, 4, 4, 4, 4, 4, 4, 4, 4, 4, 4, 4, 4, 4, 4, 4, 4, 4, 4, 4, 4, 4, 4, 4, 4, 4, 4, 4, 4, 4, 4, 4, 4, 4, 4, 4, 4, 4, 4, 4, 4, 4, 4, 4, 4, 4, 4, 4, 4, 4, 4, 4, 4, 4, 4, 4, 4, 4, 4, 4, 4, 4, 4, 4, 4, 4, 4, 4, 4, 4, 4, 4, 4, 4, 4, 4, 4, 4, 4, 4, 4, 4, 4, 4, 4, 4, 4, 4, 4, 4, 4, 4, 4, 4, 4, 4, 4, 4, 4, 4, 4, 4, 4, 4, 4, 4, 4, 4, 4, 4, 4, 4, 4, 4, 4, 4, 4, 4, 4, 4, 4, 4, 4, 4, 4, 4, 4, 4, 4, 4, 4, 4, 4, 4, 4, 4, 4, 4, 4, 4, 4, 4, 4, 4, 4, 4, 4, 4, 4, 4, 4, 4, 4, 4, 4, 4, 4, 4, 4, 4, 4, 4, 4, 4, 4, 4, 4, 4, 4, 4, 4, 4, 4, 4, 4, 4, 4, 4, 4, 4, 4, 4, 4, 4, 4, 4, 4, 4, 4, 4, 4, 4, 4, 4, 4, 4, 4, 4, 4, 4, 4, 4, 4, 4, 4, 4, 4, 4, 4, 4, 4, 4, 4, 4, 4, 4, 4, 4, 4, 4, 4, 4, 4, 4, 4, 4, 4, 4, 4, 4, 4, 4, 4, 4, 4, 4]
prediction:   [1, 1, 0, 1, 1, 1, 0, 1, 1, 0, 1, 2, 0, 1, 1, 0, 1, 1, 0, 0, 1, 1, 0, 1, 0, 0, 1, 1, 1, 2, 1, 0, 0, 0, 0, 1, 1, 0, 1, 0, 1, 0, 0, 0, 1, 0, 0, 1, 0, 1, 1, 1, 0, 0, 0, 2, 0, 1, 0, 1, 1, 3, 0, 0, 0, 0, 0, 1, 1, 1, 0, 0, 1, 1, 0, 1, 1, 1, 0, 1, 1, 1, 1, 1, 1, 1, 1, 0, 0, 0, 1, 1, 0, 1, 0, 0, 1, 1, 1, 0, 0, 1, 1, 1, 1, 0, 0, 0, 1, 1, 1, 1, 0, 0, 1, 0, 1, 0, 1, 1, 1, 0, 1, 0, 0, 0, 1, 0, 0, 1, 0, 0, 0, 1, 0, 1, 1, 1, 1, 0, 0, 0, 1, 1, 0, 1, 1, 0, 1, 1, 0, 1, 0, 0, 1, 0, 0, 0, 0, 1, 3, 1, 1, 0, 1, 1, 1, 0, 1, 0, 1, 1, 1, 1, 1, 0, 0, 1, 1, 0, 0, 0, 0, 1, 1, 1, 1, 0, 1, 1, 0, 1, 0, 0, 1, 1, 2, 1, 1, 1, 1, 1, 0, 1, 1, 0, 1, 1, 1, 1, 1, 1, 0, 1, 0, 0, 0, 0, 0, 1, 1, 1, 1, 0, 0, 0, 0, 0, 0, 0, 0, 0, 0, 1, 1, 1, 1, 1, 1, 0, 0, 1, 0, 0, 1, 1, 1, 1, 1, 1, 0, 0, 2, 0, 0, 0, 1, 1, 1, 0, 1, 0, 1, 1, 1, 1, 1, 1, 1, 0, 0, 0, 1, 1, 1, 0, 1, 1, 1, 0, 2, 0, 1, 0, 1, 1, 1, 3, 1, 1, 1, 0, 0, 3, 0, 1, 1, 2, 1, 1, 1, 0, 0, 1, 1, 1, 1, 0, 1, 2, 0, 1, 1, 1, 0, 0, 2, 1, 1, 0, 1, 1, 1, 1, 1, 0, 0, 1, 0, 2, 1, 1, 2, 1, 0, 0, 1, 0, 1, 1, 0, 1, 1, 1, 0, 0, 0, 1, 1, 0, 1, 1, 0, 2, 0, 0, 1, 0, 0, 0, 0, 0, 1, 1, 0, 0, 0, 0, 1, 1, 1, 1, 1, 0, 1, 1, 0, 1, 1, 1, 1, 0, 1, 1, 1, 0, 1, 1, 1, 0, 1, 0, 1, 1, 1, 0, 1, 0, 0, 2, 0, 1, 1, 1, 1, 1, 1, 0, 1, 1, 0, 1, 2, 2, 1, 1, 2, 1, 1, 0, 0, 1, 1, 0, 1, 2, 0, 1, 1, 0, 1, 1, 0, 0, 0, 0, 1, 1, 2, 1, 2, 1, 0, 0, 0, 1, 0, 2, 1, 1, 1, 1, 1, 2, 0, 1, 2, 2, 1, 1, 1, 1, 3, 0, 0, 1, 1, 1, 1, 1, 1, 0, 0, 1, 1, 0, 1, 1, 1, 1, 1, 1, 1, 1, 1, 2, 1, 1, 1, 2, 1, 1, 1, 1, 1, 1, 1, 1, 1, 1, 2, 0, 2, 1, 1, 1, 0, 2, 1, 1, 1]

----------------------------TEST----------------------------


Epochs: 2             | Train Loss:  0.034             | Train Accuracy:  0.988             | Val Loss:  2.662             | Val Accuracy:  0.303

100%|██████████████████████████████████████████████████████████████████████████████████████████████████████████████████████████████████████████████████████████████████████████████████████████████████████████████████████████████████████████████| 1022/1022 [47:16<00:00,  2.78s/it]


----------------------------TRAIN----------------------------

[[494   1   9   7]
 [  2 509   0   0]
 [  5   1 504   1]
 [  2   0   5 504]]
              precision    recall  f1-score   support

           0       0.98      0.97      0.97       511
           1       1.00      1.00      1.00       511
           2       0.97      0.99      0.98       511
           3       0.98      0.99      0.99       511

    accuracy                           0.98      2044
   macro avg       0.98      0.98      0.98      2044
weighted avg       0.98      0.98      0.98      2044


ground truth: [3, 0, 2, 0, 0, 1, 0, 1, 3, 2, 3, 0, 0, 0, 2, 3, 1, 3, 3, 1, 2, 3, 1, 1, 1, 0, 3, 3, 3, 2, 1, 2, 2, 0, 1, 2, 2, 3, 0, 2, 0, 0, 1, 2, 0, 1, 0, 2, 2, 0, 3, 0, 3, 1, 0, 1, 0, 3, 1, 1, 2, 3, 2, 2, 2, 2, 0, 3, 0, 1, 1, 2, 1, 2, 3, 3, 2, 2, 3, 2, 0, 1, 2, 0, 0, 2, 1, 0, 1, 0, 3, 0, 0, 0, 3, 2, 1, 1, 3, 1, 3, 1, 0, 3, 2, 1, 1, 1, 0, 1, 3, 0, 3, 0, 3, 2, 2, 2, 0, 3, 2, 1, 0, 2, 0, 1, 1, 0, 2, 0, 2, 3, 2, 0, 2, 0, 2, 1, 3, 1, 1, 0, 1, 2, 2, 1, 1, 0, 3, 1, 2, 1, 3, 2, 2, 1, 3, 1, 2, 1, 1, 2, 3, 2, 1, 2, 2, 0, 0, 3, 1, 1, 3, 3, 0, 2, 0, 2, 1, 3, 3, 0, 1, 2, 0, 0, 1, 2, 2, 0, 3, 3, 1, 3, 0, 1, 3, 3, 0, 3, 1, 0, 0, 2, 2, 0, 1, 1, 0, 3, 2, 1, 1, 2, 3, 2, 3, 1, 0, 0, 3, 3, 1, 1, 0, 0, 0, 1, 3, 1, 1, 2, 3, 3, 2, 0, 1, 2, 0, 3, 0, 3, 1, 2, 0, 3, 2, 2, 1, 3, 2, 3, 3, 0, 0, 3, 1, 3, 2, 3, 1, 0, 2, 2, 2, 2, 3, 2, 0, 3, 0, 3, 0, 2, 3, 3, 3, 0, 2, 3, 0, 1, 3, 3, 3, 0, 0, 3, 2, 0, 0, 3, 1, 3, 3, 0, 0, 0, 0, 1, 0, 2, 0, 0, 2, 0, 0, 0, 1, 3, 2, 2, 3, 0, 1, 1, 0, 2, 0, 3, 1, 1, 0, 0, 3, 3, 0, 2, 0, 0, 0, 0, 2, 1, 1, 2, 1, 1, 2, 3, 2, 3, 1, 3, 2, 1, 0, 3, 1, 0, 2, 3, 3, 3, 3, 2, 1, 2, 3, 0, 2, 2, 1, 1, 1, 1, 0, 2, 0, 3, 2, 1, 3, 2, 1, 2, 3, 2, 1, 0, 2, 3, 0, 1, 3, 0, 0, 2, 3, 1, 1, 1, 2, 3, 2, 2, 1, 3, 0, 3, 0, 1, 3, 3, 1, 1, 3, 0, 3, 3, 2, 2, 2, 0, 0, 2, 3, 2, 1, 1, 0, 2, 1, 0, 3, 2, 0, 3, 0, 1, 3, 1, 3, 1, 1, 1, 3, 2, 2, 0, 3, 1, 1, 2, 1, 0, 1, 3, 1, 3, 1, 2, 3, 3, 3, 1, 2, 1, 2, 3, 2, 0, 0, 2, 3, 3, 1, 1, 0, 0, 3, 2, 0, 3, 2, 0, 0, 0, 0, 0, 1, 2, 1, 2, 0, 0, 2, 3, 2, 1, 0, 1, 3, 2, 0, 3, 1, 1, 0, 0, 3, 0, 2, 0, 0, 3, 2, 3, 2, 1, 3, 3, 3, 2, 0, 0, 1, 1, 2, 0, 2, 3, 1, 2, 2, 0, 0, 3, 2, 3, 3, 2, 2, 0, 3, 3, 2, 0, 1, 1, 1, 3, 2, 0, 1, 2, 3, 2, 0, 1, 2, 2, 0, 3, 0, 2, 2, 1, 2, 1, 2, 2, 3, 2, 2, 2, 0, 3, 3, 3, 0, 0, 3, 3, 3, 3, 0, 2, 0, 3, 1, 2, 3, 1, 3, 3, 3, 1, 2, 0, 3, 1, 3, 0, 2, 0, 2, 2, 1, 2, 2, 1, 3, 2, 3, 1, 1, 2, 0, 1, 3, 3, 3, 3, 0, 0, 1, 0, 0, 3, 3, 0, 1, 2, 2, 3, 2, 0, 2, 0, 1, 2, 1, 2, 3, 3, 2, 2, 2, 3, 0, 2, 2, 0, 3, 3, 3, 0, 0, 2, 1, 3, 2, 1, 1, 1, 3, 0, 0, 2, 3, 2, 3, 3, 2, 3, 3, 1, 1, 1, 0, 2, 3, 1, 2, 1, 0, 3, 2, 1, 2, 0, 0, 1, 0, 3, 2, 2, 2, 0, 0, 2, 1, 1, 3, 0, 1, 1, 0, 2, 2, 3, 0, 1, 2, 3, 2, 3, 3, 1, 3, 0, 1, 0, 3, 1, 1, 0, 3, 0, 1, 1, 0, 1, 2, 1, 0, 2, 0, 3, 0, 2, 2, 3, 0, 2, 1, 2, 0, 2, 0, 3, 0, 0, 0, 1, 3, 1, 1, 1, 0, 1, 3, 3, 3, 1, 2, 1, 2, 0, 0, 0, 1, 0, 1, 2, 0, 3, 0, 2, 2, 1, 2, 1, 1, 1, 0, 0, 1, 1, 2, 0, 0, 3, 1, 3, 3, 0, 0, 1, 1, 1, 1, 3, 0, 3, 2, 0, 1, 0, 0, 3, 2, 0, 1, 0, 2, 3, 0, 0, 3, 1, 2, 1, 2, 2, 2, 1, 2, 2, 3, 2, 0, 2, 3, 0, 0, 3, 0, 1, 1, 0, 0, 0, 3, 3, 3, 2, 1, 3, 1, 0, 2, 1, 0, 3, 2, 0, 2, 2, 2, 1, 3, 2, 2, 3, 0, 1, 0, 2, 0, 0, 0, 0, 3, 2, 0, 1, 1, 1, 1, 3, 2, 2, 1, 0, 2, 1, 1, 2, 0, 3, 2, 2, 0, 2, 1, 1, 1, 2, 0, 2, 0, 0, 1, 0, 3, 0, 0, 2, 2, 3, 3, 1, 3, 2, 0, 2, 2, 0, 0, 0, 3, 1, 0, 1, 1, 0, 0, 0, 1, 0, 2, 1, 3, 3, 3, 1, 1, 0, 2, 1, 2, 0, 3, 3, 0, 1, 1, 0, 1, 3, 3, 0, 3, 0, 0, 0, 1, 1, 0, 3, 2, 3, 1, 1, 1, 0, 2, 1, 2, 0, 2, 1, 3, 0, 1, 0, 0, 0, 0, 3, 1, 3, 2, 1, 1, 0, 2, 2, 0, 1, 0, 2, 1, 3, 3, 0, 1, 0, 1, 2, 1, 3, 2, 3, 1, 2, 2, 2, 3, 2, 2, 2, 2, 2, 0, 3, 1, 0, 2, 2, 3, 3, 2, 1, 3, 1, 3, 1, 1, 1, 1, 1, 0, 3, 1, 1, 2, 1, 0, 3, 2, 3, 3, 1, 1, 2, 0, 3, 3, 2, 2, 1, 2, 2, 3, 3, 3, 3, 1, 0, 3, 2, 2, 2, 0, 0, 3, 0, 3, 0, 1, 1, 0, 2, 2, 0, 3, 1, 1, 1, 3, 1, 3, 1, 2, 0, 2, 2, 1, 0, 1, 0, 0, 3, 2, 3, 0, 2, 3, 3, 2, 2, 1, 2, 1, 0, 3, 3, 1, 2, 0, 2, 0, 3, 1, 1, 1, 0, 2, 2, 1, 3, 2, 2, 1, 1, 0, 0, 1, 3, 3, 1, 0, 2, 3, 2, 1, 2, 2, 2, 2, 3, 0, 2, 0, 0, 1, 1, 2, 2, 2, 3, 2, 2, 1, 0, 1, 0, 0, 1, 3, 1, 0, 3, 3, 0, 2, 2, 1, 0, 0, 1, 2, 2, 2, 1, 0, 2, 2, 1, 2, 0, 0, 2, 0, 2, 3, 1, 0, 2, 3, 1, 2, 1, 3, 0, 2, 1, 0, 1, 3, 1, 3, 3, 1, 2, 3, 2, 3, 3, 1, 1, 1, 3, 1, 2, 3, 1, 0, 3, 3, 0, 2, 3, 1, 1, 3, 0, 3, 0, 3, 3, 1, 3, 0, 1, 3, 3, 2, 1, 3, 2, 1, 2, 1, 3, 1, 1, 2, 1, 0, 1, 0, 1, 1, 0, 2, 1, 1, 1, 0, 2, 0, 0, 1, 0, 0, 1, 3, 1, 1, 3, 2, 3, 3, 2, 3, 2, 1, 3, 0, 3, 0, 2, 0, 1, 1, 0, 2, 1, 2, 2, 2, 1, 0, 1, 0, 3, 2, 2, 2, 0, 0, 1, 3, 0, 0, 3, 3, 2, 3, 1, 1, 1, 3, 2, 3, 2, 3, 2, 1, 3, 2, 2, 1, 1, 2, 1, 0, 3, 3, 0, 3, 2, 1, 2, 0, 0, 2, 1, 1, 1, 2, 2, 3, 0, 1, 1, 2, 2, 3, 3, 0, 0, 0, 1, 3, 2, 2, 0, 1, 3, 3, 3, 2, 3, 3, 3, 1, 0, 1, 0, 2, 2, 3, 0, 0, 3, 2, 3, 2, 1, 0, 0, 2, 0, 0, 2, 3, 2, 0, 1, 0, 1, 3, 2, 2, 3, 3, 3, 1, 3, 1, 1, 2, 0, 0, 0, 1, 3, 2, 1, 1, 1, 0, 3, 3, 0, 3, 0, 1, 0, 2, 2, 1, 0, 0, 2, 3, 1, 0, 2, 0, 3, 2, 1, 2, 3, 3, 3, 1, 3, 0, 1, 2, 1, 3, 1, 2, 3, 0, 1, 3, 3, 3, 0, 0, 0, 1, 3, 1, 0, 0, 1, 1, 1, 0, 2, 0, 3, 3, 3, 0, 2, 0, 3, 2, 2, 0, 2, 3, 2, 0, 3, 0, 3, 3, 0, 0, 3, 0, 2, 2, 0, 1, 2, 2, 2, 3, 1, 0, 1, 1, 0, 0, 2, 1, 3, 0, 3, 0, 0, 0, 2, 1, 1, 3, 3, 2, 3, 3, 3, 3, 0, 1, 0, 0, 0, 0, 1, 0, 1, 3, 3, 0, 2, 2, 0, 1, 1, 3, 1, 1, 0, 2, 1, 1, 0, 1, 2, 0, 1, 2, 3, 2, 2, 0, 2, 1, 3, 3, 2, 1, 0, 0, 2, 0, 3, 0, 2, 1, 3, 0, 1, 1, 3, 2, 2, 0, 0, 3, 1, 0, 3, 3, 3, 2, 0, 2, 3, 0, 1, 1, 1, 0, 0, 3, 0, 0, 0, 1, 0, 3, 1, 3, 3, 0, 1, 2, 1, 2, 1, 1, 3, 3, 3, 2, 1, 3, 0, 2, 1, 2, 1, 3, 0, 2, 1, 0, 3, 3, 3, 2, 0, 1, 1, 1, 3, 2, 3, 0, 2, 0, 1, 0, 1, 2, 2, 1, 1, 1, 2, 1, 3, 0, 1, 3, 0, 1, 1, 0, 2, 2, 0, 2, 3, 1, 2, 3, 0, 2, 0, 2, 1, 1, 2, 1, 2, 0, 2, 2, 0, 0, 1, 1, 2, 2, 0, 3, 2, 2, 3, 3, 1, 3, 2, 2, 1, 3, 0, 2, 2, 3, 0, 0, 1, 1, 3, 2, 2, 3, 0, 3, 2, 3, 2, 3, 1, 3, 3, 0, 1, 3, 0, 2, 3, 1, 2, 2, 2, 0, 3, 3, 2, 2, 2, 2, 3, 3, 1, 3, 3, 0, 0, 2, 1, 2, 2, 3, 1, 2, 3, 0, 1, 2, 3, 3, 2, 3, 0, 1, 2, 0, 0, 3, 0, 3, 3, 0, 2, 0, 0, 3, 0, 1, 2, 2, 3, 2, 0, 2, 3, 0, 1, 3, 1, 1, 0, 1, 3, 3, 1, 1, 1, 0, 2, 1, 1, 2, 3, 3, 2, 3, 0, 1, 2, 0, 1, 1, 0, 3, 0, 3, 3, 3, 3, 1, 1, 1, 1, 3, 3, 0, 2, 2, 2, 1, 1, 3, 0, 3, 2, 2, 1, 1, 2, 3, 2, 3, 2, 1, 0, 3, 1, 1, 0, 2, 2, 2, 1, 2, 0, 3, 1, 1, 3, 2, 1, 2, 2, 2, 3, 1, 0, 0, 3, 3, 2, 2, 2, 3, 3, 1, 3, 3, 0, 0, 0, 3, 1, 1, 3, 0, 1, 0, 0, 2, 1, 0, 3, 1, 3, 1, 0, 1, 2, 3, 3, 0, 3, 2, 2, 2, 2, 0, 1, 2, 1, 3, 3, 2, 3, 3, 3, 1, 2, 2, 0, 0, 2, 2, 1, 1, 0, 1, 2, 1, 2, 0, 2, 3, 3, 1, 1, 0, 0, 1, 0, 2, 2, 1, 3, 3, 0, 2, 0, 2, 0, 3, 3, 0, 2, 2, 3, 1, 0, 2, 1, 3, 3, 1, 2, 1, 1, 1, 2, 0, 0, 2, 2, 0, 3, 0, 1, 1, 2, 1, 3, 0, 3, 0, 3, 1, 3, 1, 3, 3, 3, 3, 1, 2, 1, 0, 1, 3, 0, 3, 3, 3, 3, 2, 0, 2, 2, 0, 1, 0, 3, 3, 0, 2, 2, 0, 1, 3, 0, 1, 3, 1, 3, 2, 0, 3, 3, 0, 0, 1, 0, 1, 1, 2, 2, 2, 0, 1, 3, 3, 0, 3, 1, 2, 3, 0, 1, 2, 2, 3, 0, 1, 3, 3, 1]
prediction:   [3, 0, 2, 0, 0, 1, 0, 1, 3, 2, 3, 0, 0, 0, 2, 3, 1, 3, 3, 1, 2, 3, 1, 1, 1, 0, 3, 3, 3, 2, 1, 2, 2, 0, 1, 2, 2, 3, 0, 2, 0, 0, 1, 2, 0, 1, 0, 2, 2, 0, 3, 0, 3, 1, 0, 1, 0, 3, 1, 1, 2, 3, 2, 2, 2, 2, 0, 3, 0, 1, 1, 2, 1, 2, 3, 3, 2, 2, 3, 2, 0, 1, 2, 0, 0, 2, 1, 0, 1, 0, 3, 0, 0, 0, 3, 2, 1, 1, 3, 1, 3, 1, 0, 3, 2, 1, 1, 1, 0, 1, 3, 0, 3, 0, 3, 2, 2, 2, 0, 3, 2, 1, 0, 2, 0, 1, 1, 0, 2, 0, 2, 3, 2, 0, 2, 0, 2, 1, 3, 1, 1, 0, 1, 2, 2, 1, 1, 0, 3, 1, 2, 1, 3, 2, 2, 1, 3, 1, 2, 1, 1, 2, 3, 2, 1, 2, 2, 0, 0, 3, 1, 1, 3, 3, 0, 2, 0, 2, 1, 3, 3, 0, 1, 2, 0, 0, 1, 2, 2, 0, 3, 3, 1, 3, 0, 1, 3, 3, 0, 3, 1, 0, 0, 2, 2, 2, 1, 1, 0, 3, 2, 1, 1, 2, 3, 2, 3, 1, 0, 0, 3, 3, 1, 1, 0, 0, 0, 1, 3, 1, 1, 2, 3, 3, 2, 0, 1, 2, 0, 3, 0, 3, 1, 2, 0, 3, 2, 2, 1, 3, 2, 3, 3, 0, 0, 3, 1, 3, 2, 3, 1, 0, 2, 2, 2, 2, 3, 2, 0, 3, 0, 3, 0, 2, 3, 3, 3, 0, 2, 3, 0, 1, 3, 3, 3, 0, 0, 3, 2, 0, 0, 3, 1, 3, 3, 0, 0, 0, 0, 1, 2, 2, 0, 0, 2, 0, 0, 0, 1, 3, 2, 2, 3, 0, 1, 1, 0, 2, 0, 3, 1, 1, 0, 0, 3, 3, 0, 2, 0, 0, 0, 0, 2, 1, 1, 2, 1, 1, 2, 3, 2, 3, 1, 3, 2, 1, 0, 3, 1, 0, 2, 3, 3, 3, 3, 2, 1, 2, 3, 0, 2, 2, 1, 1, 1, 1, 0, 0, 0, 3, 2, 1, 3, 2, 1, 2, 3, 2, 1, 0, 2, 3, 0, 1, 3, 0, 0, 2, 3, 1, 1, 1, 2, 3, 2, 2, 1, 3, 0, 3, 0, 1, 3, 3, 1, 1, 3, 0, 3, 3, 2, 2, 2, 0, 0, 2, 3, 3, 1, 1, 0, 2, 1, 0, 2, 2, 0, 2, 0, 1, 0, 1, 2, 1, 1, 1, 3, 2, 2, 0, 3, 1, 1, 2, 1, 3, 1, 3, 1, 3, 1, 2, 3, 3, 3, 1, 2, 1, 2, 3, 2, 3, 3, 2, 3, 3, 1, 1, 3, 0, 3, 2, 0, 3, 2, 0, 0, 2, 0, 0, 1, 2, 1, 2, 0, 0, 2, 3, 2, 1, 0, 1, 3, 1, 0, 3, 1, 1, 0, 0, 3, 0, 2, 0, 0, 3, 2, 3, 2, 1, 3, 3, 3, 2, 0, 0, 1, 1, 2, 0, 2, 3, 1, 2, 2, 0, 0, 3, 2, 3, 3, 2, 2, 0, 3, 3, 2, 0, 1, 1, 1, 3, 2, 0, 1, 2, 3, 2, 0, 1, 2, 2, 0, 3, 0, 2, 2, 1, 2, 1, 2, 2, 3, 2, 2, 2, 0, 3, 3, 3, 0, 0, 3, 3, 3, 3, 0, 2, 0, 3, 1, 2, 3, 1, 3, 3, 3, 1, 2, 0, 3, 1, 3, 0, 2, 0, 2, 2, 1, 2, 2, 1, 3, 2, 3, 1, 1, 2, 0, 1, 3, 3, 3, 3, 0, 0, 1, 0, 0, 3, 3, 0, 1, 2, 2, 3, 2, 0, 2, 0, 1, 2, 1, 2, 3, 3, 2, 2, 2, 3, 0, 2, 2, 0, 3, 3, 3, 0, 0, 2, 1, 3, 2, 1, 1, 1, 3, 0, 0, 2, 3, 2, 3, 3, 2, 3, 3, 1, 1, 1, 0, 2, 3, 1, 2, 1, 0, 3, 2, 1, 2, 0, 0, 1, 0, 3, 2, 2, 2, 0, 0, 2, 1, 1, 3, 0, 1, 1, 0, 2, 2, 3, 0, 1, 2, 3, 2, 3, 3, 1, 3, 0, 1, 0, 3, 1, 1, 0, 3, 0, 1, 1, 0, 1, 2, 1, 0, 2, 0, 3, 0, 2, 2, 3, 0, 2, 1, 2, 0, 2, 0, 3, 0, 0, 0, 1, 3, 1, 1, 1, 0, 1, 3, 3, 3, 1, 2, 1, 2, 3, 0, 0, 1, 0, 1, 2, 0, 3, 0, 2, 2, 1, 2, 1, 1, 1, 0, 0, 1, 1, 2, 0, 0, 3, 1, 3, 3, 0, 0, 1, 1, 1, 1, 3, 0, 3, 2, 0, 1, 2, 0, 3, 2, 0, 1, 0, 2, 3, 0, 0, 3, 1, 2, 1, 2, 2, 2, 1, 2, 2, 3, 2, 0, 2, 3, 0, 2, 3, 0, 1, 1, 0, 0, 0, 3, 3, 3, 2, 1, 3, 1, 0, 2, 1, 0, 3, 2, 0, 2, 2, 2, 1, 3, 2, 2, 3, 0, 1, 0, 2, 0, 0, 0, 0, 2, 2, 0, 1, 1, 1, 1, 2, 2, 2, 1, 0, 2, 1, 1, 2, 0, 3, 2, 2, 0, 2, 1, 1, 1, 2, 0, 2, 0, 0, 1, 0, 3, 0, 0, 2, 2, 3, 3, 1, 3, 2, 0, 2, 2, 0, 0, 0, 3, 1, 0, 1, 1, 0, 0, 0, 1, 0, 2, 1, 3, 3, 3, 1, 1, 0, 2, 1, 0, 0, 3, 3, 0, 1, 1, 0, 1, 3, 3, 0, 3, 0, 0, 0, 1, 1, 0, 3, 2, 3, 1, 1, 1, 0, 2, 1, 2, 0, 2, 1, 3, 0, 1, 0, 0, 0, 0, 3, 1, 3, 2, 1, 1, 0, 2, 2, 0, 1, 0, 2, 1, 3, 3, 0, 1, 0, 1, 2, 1, 3, 2, 3, 1, 2, 2, 2, 3, 2, 2, 2, 2, 2, 0, 3, 1, 0, 2, 2, 3, 3, 2, 1, 3, 1, 3, 1, 1, 1, 1, 1, 0, 3, 1, 1, 2, 1, 0, 3, 2, 3, 3, 1, 1, 2, 0, 3, 3, 2, 2, 1, 2, 2, 3, 3, 3, 3, 1, 0, 3, 2, 2, 2, 0, 0, 3, 0, 3, 0, 1, 1, 0, 0, 2, 0, 3, 1, 1, 1, 3, 1, 3, 1, 2, 2, 2, 2, 1, 3, 1, 0, 0, 3, 2, 3, 0, 2, 3, 3, 2, 2, 1, 2, 1, 0, 3, 3, 1, 2, 0, 2, 0, 3, 1, 1, 1, 0, 2, 2, 1, 3, 2, 2, 1, 1, 0, 0, 1, 3, 3, 1, 0, 2, 3, 2, 1, 2, 2, 2, 2, 3, 0, 2, 0, 0, 1, 1, 2, 2, 2, 3, 2, 2, 1, 2, 1, 0, 0, 1, 3, 1, 2, 3, 3, 0, 2, 2, 1, 0, 0, 1, 2, 2, 2, 1, 0, 2, 2, 1, 2, 0, 0, 2, 0, 2, 3, 1, 0, 2, 3, 1, 2, 1, 3, 0, 2, 1, 0, 1, 3, 1, 3, 3, 1, 2, 3, 2, 3, 3, 1, 1, 1, 3, 1, 2, 3, 1, 0, 3, 3, 0, 2, 3, 1, 1, 3, 0, 3, 0, 3, 3, 1, 3, 0, 1, 3, 3, 2, 1, 3, 2, 1, 2, 1, 3, 1, 1, 2, 1, 0, 1, 0, 1, 1, 0, 2, 1, 1, 1, 0, 2, 0, 0, 1, 0, 0, 1, 3, 1, 1, 3, 2, 3, 3, 2, 3, 2, 1, 3, 0, 3, 0, 2, 0, 1, 1, 0, 2, 1, 2, 2, 2, 1, 0, 1, 0, 3, 2, 2, 2, 0, 0, 1, 3, 0, 0, 3, 3, 2, 3, 1, 1, 1, 3, 2, 3, 2, 3, 2, 1, 3, 2, 2, 1, 1, 2, 1, 0, 3, 3, 0, 3, 2, 1, 2, 0, 0, 2, 1, 1, 1, 2, 2, 3, 0, 1, 1, 2, 2, 3, 3, 0, 0, 0, 1, 3, 2, 2, 0, 1, 3, 3, 3, 2, 3, 3, 3, 1, 0, 1, 0, 2, 2, 3, 0, 0, 3, 2, 3, 2, 1, 0, 0, 2, 0, 0, 2, 3, 2, 0, 1, 0, 1, 3, 2, 2, 3, 3, 3, 1, 3, 1, 1, 2, 0, 0, 0, 1, 3, 2, 1, 1, 1, 0, 3, 3, 0, 3, 0, 1, 0, 2, 2, 1, 0, 0, 2, 3, 1, 0, 2, 0, 3, 2, 1, 2, 3, 3, 3, 1, 3, 0, 1, 2, 1, 3, 1, 2, 3, 0, 1, 3, 3, 3, 0, 0, 0, 1, 3, 1, 0, 0, 1, 1, 1, 0, 2, 0, 3, 3, 3, 0, 2, 0, 3, 2, 2, 0, 2, 3, 2, 0, 3, 0, 3, 3, 0, 0, 3, 0, 2, 0, 0, 1, 2, 2, 2, 3, 1, 0, 1, 1, 0, 0, 2, 1, 3, 0, 3, 0, 0, 0, 2, 1, 1, 3, 3, 2, 3, 3, 3, 3, 0, 1, 0, 0, 0, 0, 1, 0, 1, 3, 3, 0, 2, 2, 0, 1, 1, 3, 1, 1, 0, 2, 1, 1, 0, 1, 2, 0, 1, 2, 3, 2, 2, 0, 2, 1, 3, 3, 2, 1, 0, 0, 2, 0, 3, 0, 2, 1, 3, 0, 1, 1, 3, 2, 2, 0, 0, 3, 1, 0, 3, 3, 3, 2, 0, 2, 3, 0, 1, 1, 1, 0, 0, 3, 0, 0, 0, 1, 1, 3, 1, 3, 3, 0, 1, 2, 1, 2, 1, 1, 3, 3, 3, 2, 1, 3, 0, 2, 1, 2, 1, 3, 0, 2, 0, 0, 3, 3, 3, 2, 0, 0, 1, 1, 3, 2, 3, 0, 2, 0, 1, 0, 1, 2, 2, 1, 1, 1, 2, 1, 3, 0, 1, 3, 0, 1, 1, 0, 2, 2, 0, 2, 3, 1, 2, 3, 0, 2, 0, 2, 1, 1, 2, 1, 2, 2, 2, 2, 0, 0, 1, 1, 2, 2, 0, 3, 2, 2, 3, 3, 1, 3, 2, 2, 1, 3, 0, 2, 2, 3, 0, 3, 1, 1, 3, 2, 2, 3, 0, 3, 2, 3, 2, 3, 1, 3, 3, 0, 1, 3, 0, 2, 3, 1, 2, 2, 2, 0, 3, 3, 2, 2, 2, 2, 3, 3, 1, 3, 3, 0, 0, 2, 1, 2, 2, 3, 1, 2, 3, 0, 1, 2, 0, 3, 2, 3, 0, 1, 2, 0, 0, 3, 0, 3, 3, 0, 2, 0, 0, 3, 0, 1, 2, 2, 3, 2, 0, 2, 3, 0, 1, 3, 1, 1, 0, 1, 3, 3, 1, 1, 1, 0, 2, 1, 1, 2, 3, 3, 2, 3, 0, 1, 0, 0, 1, 1, 0, 3, 0, 3, 3, 3, 3, 1, 1, 1, 1, 3, 3, 0, 2, 2, 2, 1, 1, 3, 0, 3, 2, 2, 1, 1, 2, 3, 2, 3, 2, 1, 0, 3, 1, 1, 0, 2, 2, 2, 1, 2, 0, 3, 1, 1, 3, 2, 1, 2, 2, 2, 3, 1, 0, 0, 3, 3, 2, 2, 2, 3, 3, 1, 3, 3, 0, 0, 0, 3, 1, 1, 3, 0, 1, 0, 0, 2, 1, 0, 3, 1, 3, 1, 0, 1, 2, 3, 3, 0, 3, 2, 2, 2, 2, 0, 1, 2, 1, 3, 3, 2, 3, 3, 3, 1, 2, 2, 0, 0, 2, 2, 1, 1, 0, 1, 2, 1, 2, 0, 2, 3, 3, 1, 1, 0, 0, 1, 0, 2, 2, 1, 3, 3, 0, 2, 0, 2, 0, 3, 3, 0, 2, 2, 3, 1, 0, 2, 1, 3, 3, 1, 2, 1, 1, 1, 2, 0, 0, 2, 2, 0, 3, 0, 1, 1, 2, 1, 3, 0, 3, 0, 3, 1, 3, 1, 3, 3, 3, 3, 1, 2, 1, 0, 1, 3, 0, 3, 3, 3, 3, 2, 0, 2, 2, 0, 1, 0, 3, 3, 0, 2, 2, 0, 1, 3, 0, 1, 3, 1, 3, 2, 0, 3, 3, 0, 0, 1, 0, 1, 1, 2, 2, 2, 0, 1, 3, 3, 0, 3, 1, 2, 3, 0, 1, 2, 2, 3, 0, 1, 3, 3, 1]

----------------------------TRAIN----------------------------


----------------------------TEST----------------------------

[[  0   0   0   0   0]
 [  0   0   0   0   0]
 [  0   0   0   0   0]
 [  0   0   0   0   0]
 [339 117  51   4   0]]
              precision    recall  f1-score   support

           0       0.00      0.00      0.00       0.0
           1       0.00      0.00      0.00       0.0
           2       0.00      0.00      0.00       0.0
           3       0.00      0.00      0.00       0.0
           4       0.00      0.00      0.00     511.0

    accuracy                           0.00     511.0
   macro avg       0.00      0.00      0.00     511.0
weighted avg       0.00      0.00      0.00     511.0


ground truth: [4, 4, 4, 4, 4, 4, 4, 4, 4, 4, 4, 4, 4, 4, 4, 4, 4, 4, 4, 4, 4, 4, 4, 4, 4, 4, 4, 4, 4, 4, 4, 4, 4, 4, 4, 4, 4, 4, 4, 4, 4, 4, 4, 4, 4, 4, 4, 4, 4, 4, 4, 4, 4, 4, 4, 4, 4, 4, 4, 4, 4, 4, 4, 4, 4, 4, 4, 4, 4, 4, 4, 4, 4, 4, 4, 4, 4, 4, 4, 4, 4, 4, 4, 4, 4, 4, 4, 4, 4, 4, 4, 4, 4, 4, 4, 4, 4, 4, 4, 4, 4, 4, 4, 4, 4, 4, 4, 4, 4, 4, 4, 4, 4, 4, 4, 4, 4, 4, 4, 4, 4, 4, 4, 4, 4, 4, 4, 4, 4, 4, 4, 4, 4, 4, 4, 4, 4, 4, 4, 4, 4, 4, 4, 4, 4, 4, 4, 4, 4, 4, 4, 4, 4, 4, 4, 4, 4, 4, 4, 4, 4, 4, 4, 4, 4, 4, 4, 4, 4, 4, 4, 4, 4, 4, 4, 4, 4, 4, 4, 4, 4, 4, 4, 4, 4, 4, 4, 4, 4, 4, 4, 4, 4, 4, 4, 4, 4, 4, 4, 4, 4, 4, 4, 4, 4, 4, 4, 4, 4, 4, 4, 4, 4, 4, 4, 4, 4, 4, 4, 4, 4, 4, 4, 4, 4, 4, 4, 4, 4, 4, 4, 4, 4, 4, 4, 4, 4, 4, 4, 4, 4, 4, 4, 4, 4, 4, 4, 4, 4, 4, 4, 4, 4, 4, 4, 4, 4, 4, 4, 4, 4, 4, 4, 4, 4, 4, 4, 4, 4, 4, 4, 4, 4, 4, 4, 4, 4, 4, 4, 4, 4, 4, 4, 4, 4, 4, 4, 4, 4, 4, 4, 4, 4, 4, 4, 4, 4, 4, 4, 4, 4, 4, 4, 4, 4, 4, 4, 4, 4, 4, 4, 4, 4, 4, 4, 4, 4, 4, 4, 4, 4, 4, 4, 4, 4, 4, 4, 4, 4, 4, 4, 4, 4, 4, 4, 4, 4, 4, 4, 4, 4, 4, 4, 4, 4, 4, 4, 4, 4, 4, 4, 4, 4, 4, 4, 4, 4, 4, 4, 4, 4, 4, 4, 4, 4, 4, 4, 4, 4, 4, 4, 4, 4, 4, 4, 4, 4, 4, 4, 4, 4, 4, 4, 4, 4, 4, 4, 4, 4, 4, 4, 4, 4, 4, 4, 4, 4, 4, 4, 4, 4, 4, 4, 4, 4, 4, 4, 4, 4, 4, 4, 4, 4, 4, 4, 4, 4, 4, 4, 4, 4, 4, 4, 4, 4, 4, 4, 4, 4, 4, 4, 4, 4, 4, 4, 4, 4, 4, 4, 4, 4, 4, 4, 4, 4, 4, 4, 4, 4, 4, 4, 4, 4, 4, 4, 4, 4, 4, 4, 4, 4, 4, 4, 4, 4, 4, 4, 4, 4, 4, 4, 4, 4, 4, 4, 4, 4, 4, 4, 4, 4, 4, 4, 4, 4, 4, 4, 4, 4, 4, 4, 4, 4, 4, 4, 4, 4, 4, 4, 4, 4, 4, 4, 4, 4, 4, 4, 4, 4, 4, 4]
prediction:   [0, 1, 0, 0, 0, 0, 0, 1, 2, 0, 0, 2, 0, 0, 1, 0, 1, 1, 0, 0, 0, 1, 0, 0, 0, 0, 0, 0, 0, 0, 1, 0, 0, 0, 0, 1, 0, 0, 0, 0, 0, 0, 0, 0, 0, 0, 0, 0, 0, 0, 0, 2, 0, 0, 0, 2, 0, 0, 0, 1, 1, 3, 0, 0, 0, 0, 0, 0, 0, 0, 0, 0, 0, 0, 0, 0, 1, 1, 0, 0, 1, 1, 1, 0, 0, 0, 0, 0, 2, 0, 1, 1, 0, 0, 0, 0, 1, 1, 0, 0, 0, 2, 0, 0, 1, 0, 0, 0, 0, 0, 1, 1, 0, 0, 0, 0, 1, 0, 0, 1, 2, 0, 0, 0, 0, 0, 0, 0, 0, 0, 0, 0, 0, 0, 0, 0, 1, 0, 0, 0, 0, 0, 0, 0, 0, 1, 0, 0, 0, 0, 0, 1, 0, 2, 1, 0, 0, 0, 0, 1, 1, 1, 1, 0, 0, 0, 0, 0, 0, 0, 1, 0, 0, 0, 1, 0, 0, 1, 1, 0, 0, 0, 0, 0, 1, 0, 0, 0, 1, 1, 0, 1, 0, 0, 1, 1, 2, 1, 1, 0, 0, 0, 0, 0, 0, 0, 0, 0, 0, 0, 1, 0, 0, 0, 0, 0, 0, 0, 0, 0, 1, 1, 0, 0, 0, 0, 0, 0, 0, 0, 0, 0, 0, 1, 1, 0, 0, 1, 0, 0, 0, 0, 0, 0, 0, 0, 0, 0, 1, 1, 0, 0, 2, 0, 0, 0, 0, 0, 0, 0, 0, 0, 0, 0, 0, 1, 0, 0, 0, 0, 0, 0, 0, 0, 0, 0, 0, 0, 0, 0, 2, 0, 0, 0, 0, 1, 0, 3, 0, 0, 0, 0, 0, 3, 0, 1, 0, 2, 1, 1, 1, 0, 0, 1, 2, 1, 0, 0, 1, 0, 0, 0, 0, 0, 0, 0, 2, 0, 1, 0, 0, 1, 0, 0, 0, 0, 0, 0, 0, 0, 0, 0, 2, 0, 0, 0, 1, 0, 1, 0, 0, 0, 1, 1, 0, 0, 0, 1, 0, 0, 1, 0, 0, 0, 0, 0, 0, 0, 0, 0, 0, 0, 0, 1, 0, 0, 0, 0, 0, 0, 0, 1, 1, 0, 0, 0, 0, 1, 1, 0, 0, 0, 0, 0, 0, 0, 0, 0, 0, 0, 0, 0, 0, 2, 0, 0, 1, 0, 0, 0, 0, 1, 1, 2, 1, 2, 0, 0, 1, 2, 0, 1, 2, 2, 1, 1, 2, 1, 2, 2, 2, 1, 2, 2, 2, 2, 0, 2, 1, 2, 2, 1, 0, 0, 0, 0, 1, 1, 2, 1, 2, 1, 0, 0, 0, 0, 0, 2, 1, 2, 1, 1, 2, 2, 0, 2, 2, 2, 1, 0, 1, 1, 3, 0, 0, 0, 0, 0, 1, 2, 0, 0, 0, 1, 1, 2, 0, 1, 1, 0, 2, 1, 1, 1, 1, 2, 0, 1, 0, 2, 0, 1, 1, 1, 0, 0, 2, 1, 1, 1, 2, 2, 2, 1, 1, 1, 0, 2, 0, 1, 1]

----------------------------TEST----------------------------


Epochs: 3             | Train Loss:  0.037             | Train Accuracy:  0.984             | Val Loss:  2.720             | Val Accuracy:  0.121

100%|██████████████████████████████████████████████████████████████████████████████████████████████████████████████████████████████████████████████████████████████████████████████████████████████████████████████████████████████████████████████| 1022/1022 [47:18<00:00,  2.78s/it]


----------------------------TRAIN----------------------------

[[510   0   1   0]
 [  0 511   0   0]
 [  0   1 510   0]
 [  0   0   0 511]]
              precision    recall  f1-score   support

           0       1.00      1.00      1.00       511
           1       1.00      1.00      1.00       511
           2       1.00      1.00      1.00       511
           3       1.00      1.00      1.00       511

    accuracy                           1.00      2044
   macro avg       1.00      1.00      1.00      2044
weighted avg       1.00      1.00      1.00      2044


ground truth: [1, 0, 0, 2, 0, 2, 3, 0, 2, 3, 3, 0, 2, 1, 1, 2, 2, 2, 3, 2, 3, 3, 3, 0, 2, 1, 2, 1, 2, 0, 0, 0, 3, 3, 3, 2, 3, 3, 0, 1, 0, 0, 0, 3, 3, 3, 0, 1, 1, 1, 0, 3, 2, 1, 2, 3, 2, 3, 0, 0, 1, 3, 0, 0, 0, 3, 2, 0, 1, 2, 1, 1, 1, 2, 2, 0, 1, 1, 1, 3, 1, 0, 1, 0, 2, 1, 1, 0, 0, 2, 1, 2, 1, 0, 1, 0, 3, 1, 2, 1, 1, 3, 0, 0, 2, 1, 2, 0, 0, 1, 1, 0, 1, 3, 2, 0, 0, 3, 3, 3, 3, 2, 0, 3, 2, 3, 3, 0, 0, 1, 2, 0, 0, 2, 2, 1, 3, 1, 0, 3, 0, 0, 1, 0, 1, 2, 1, 3, 2, 0, 3, 2, 3, 2, 2, 1, 2, 1, 2, 1, 0, 1, 0, 1, 3, 1, 2, 1, 3, 3, 0, 1, 3, 1, 0, 0, 0, 2, 0, 3, 1, 3, 0, 0, 1, 3, 2, 3, 3, 2, 1, 1, 3, 1, 1, 2, 0, 0, 1, 0, 1, 1, 2, 3, 3, 2, 0, 3, 3, 1, 3, 0, 3, 2, 3, 2, 3, 0, 3, 3, 0, 0, 1, 0, 1, 2, 3, 1, 3, 1, 2, 1, 2, 3, 3, 0, 1, 2, 0, 0, 1, 3, 3, 0, 3, 1, 0, 1, 2, 1, 0, 3, 0, 1, 3, 2, 2, 2, 3, 2, 2, 1, 0, 1, 1, 2, 2, 3, 3, 2, 0, 2, 0, 3, 1, 2, 1, 1, 0, 2, 0, 3, 1, 3, 1, 3, 1, 3, 2, 1, 1, 0, 0, 2, 1, 0, 0, 0, 2, 2, 1, 1, 1, 3, 0, 0, 2, 1, 2, 1, 3, 1, 1, 1, 2, 3, 3, 0, 0, 0, 2, 2, 1, 2, 3, 3, 1, 1, 3, 1, 0, 3, 3, 3, 2, 0, 3, 0, 3, 3, 3, 2, 2, 1, 1, 2, 0, 1, 3, 0, 0, 3, 2, 1, 2, 1, 3, 3, 3, 2, 3, 1, 2, 3, 0, 1, 1, 3, 2, 0, 0, 2, 3, 3, 0, 0, 1, 1, 3, 0, 3, 2, 1, 2, 0, 2, 1, 1, 2, 3, 3, 1, 2, 3, 0, 3, 0, 0, 1, 3, 1, 3, 2, 0, 3, 3, 1, 1, 1, 0, 3, 1, 1, 2, 2, 3, 1, 0, 1, 3, 1, 2, 1, 2, 1, 3, 2, 0, 1, 2, 3, 1, 0, 1, 1, 0, 0, 3, 1, 1, 1, 1, 3, 2, 0, 1, 2, 1, 3, 3, 2, 1, 3, 2, 2, 0, 1, 3, 3, 1, 0, 0, 2, 1, 1, 1, 0, 2, 0, 1, 2, 0, 1, 1, 1, 1, 1, 0, 3, 3, 2, 2, 2, 1, 1, 0, 3, 0, 1, 2, 2, 1, 1, 2, 1, 1, 2, 0, 2, 0, 2, 2, 2, 3, 3, 1, 0, 1, 0, 3, 2, 2, 1, 1, 0, 2, 3, 1, 3, 1, 3, 1, 2, 2, 2, 1, 0, 1, 1, 2, 2, 2, 1, 0, 0, 1, 2, 1, 1, 3, 1, 3, 3, 1, 2, 1, 2, 2, 2, 2, 1, 1, 0, 2, 3, 1, 0, 1, 1, 3, 1, 2, 3, 3, 3, 3, 0, 2, 3, 1, 0, 1, 1, 1, 0, 0, 1, 3, 3, 3, 3, 3, 0, 1, 3, 1, 2, 1, 2, 1, 2, 0, 0, 3, 1, 2, 1, 0, 0, 0, 2, 3, 1, 0, 3, 1, 2, 1, 2, 0, 2, 0, 2, 2, 0, 0, 3, 3, 0, 0, 3, 0, 3, 0, 3, 1, 0, 2, 3, 1, 3, 1, 2, 0, 1, 1, 2, 3, 1, 2, 2, 3, 1, 1, 1, 1, 2, 1, 3, 1, 0, 1, 1, 1, 2, 3, 3, 2, 2, 0, 2, 2, 1, 2, 3, 1, 2, 2, 1, 2, 0, 0, 3, 3, 1, 3, 3, 2, 0, 1, 1, 0, 3, 0, 0, 3, 2, 2, 0, 3, 2, 2, 3, 3, 3, 2, 1, 3, 3, 2, 1, 3, 2, 3, 1, 3, 0, 1, 2, 0, 2, 3, 0, 0, 1, 2, 0, 3, 1, 2, 1, 2, 1, 3, 1, 1, 2, 1, 3, 1, 1, 2, 2, 3, 1, 3, 3, 3, 1, 1, 2, 1, 1, 2, 3, 2, 1, 0, 3, 3, 2, 3, 0, 1, 0, 0, 1, 0, 2, 0, 1, 3, 2, 2, 3, 0, 2, 3, 2, 3, 0, 3, 3, 3, 2, 3, 2, 2, 3, 3, 3, 1, 0, 0, 1, 2, 2, 2, 2, 0, 3, 1, 0, 2, 3, 2, 1, 0, 0, 0, 2, 1, 1, 2, 1, 3, 2, 3, 2, 3, 2, 3, 1, 0, 3, 2, 2, 1, 3, 1, 0, 3, 1, 1, 1, 1, 3, 0, 1, 3, 1, 2, 3, 3, 3, 0, 3, 2, 0, 0, 3, 0, 1, 1, 0, 3, 0, 0, 1, 3, 3, 3, 0, 3, 1, 2, 2, 1, 2, 3, 1, 2, 2, 1, 1, 2, 2, 3, 1, 2, 1, 3, 1, 2, 2, 1, 1, 2, 0, 0, 0, 0, 3, 0, 3, 1, 3, 0, 0, 0, 1, 2, 3, 3, 1, 2, 0, 0, 1, 3, 0, 1, 1, 0, 1, 3, 0, 1, 2, 1, 0, 3, 0, 0, 1, 1, 2, 2, 1, 1, 3, 2, 2, 0, 2, 3, 2, 0, 2, 2, 1, 3, 1, 1, 1, 0, 1, 2, 0, 3, 1, 3, 3, 2, 3, 3, 2, 2, 0, 3, 2, 1, 3, 3, 2, 1, 1, 1, 2, 3, 2, 2, 3, 3, 3, 2, 0, 2, 3, 0, 3, 0, 2, 0, 1, 2, 2, 1, 1, 0, 2, 3, 2, 2, 2, 0, 0, 0, 3, 2, 0, 0, 3, 2, 1, 1, 0, 2, 0, 0, 3, 1, 2, 2, 1, 0, 2, 0, 3, 3, 2, 0, 0, 3, 2, 0, 3, 1, 2, 3, 1, 3, 1, 2, 3, 2, 3, 2, 0, 0, 0, 2, 0, 2, 0, 0, 1, 3, 3, 2, 3, 1, 0, 1, 1, 3, 0, 0, 0, 3, 1, 3, 0, 3, 0, 0, 2, 1, 3, 3, 0, 0, 2, 0, 0, 3, 3, 0, 3, 3, 3, 0, 2, 3, 2, 0, 3, 0, 2, 2, 2, 0, 3, 3, 1, 3, 0, 3, 0, 0, 1, 2, 0, 2, 0, 0, 3, 1, 0, 1, 1, 2, 2, 1, 0, 0, 1, 3, 2, 3, 3, 3, 0, 1, 0, 0, 0, 2, 3, 3, 2, 3, 0, 2, 0, 2, 1, 1, 2, 3, 1, 0, 2, 1, 3, 3, 3, 0, 2, 1, 1, 2, 1, 2, 1, 3, 1, 0, 1, 0, 3, 3, 0, 3, 0, 1, 3, 3, 3, 0, 3, 3, 2, 0, 0, 0, 0, 0, 0, 2, 3, 0, 2, 1, 0, 0, 1, 0, 1, 3, 3, 0, 2, 3, 3, 0, 1, 3, 1, 2, 2, 1, 2, 1, 3, 0, 2, 0, 3, 1, 1, 3, 1, 1, 2, 0, 2, 1, 2, 3, 2, 3, 2, 3, 0, 0, 3, 2, 2, 3, 0, 1, 3, 0, 3, 3, 2, 1, 2, 3, 1, 1, 0, 3, 2, 1, 0, 2, 2, 1, 2, 2, 1, 2, 1, 2, 0, 0, 1, 2, 3, 0, 3, 0, 1, 0, 1, 0, 3, 2, 2, 1, 0, 3, 0, 0, 1, 3, 2, 2, 2, 1, 1, 2, 0, 3, 3, 2, 3, 2, 3, 1, 0, 0, 2, 2, 1, 2, 0, 0, 0, 2, 3, 0, 2, 2, 3, 3, 2, 0, 2, 0, 2, 1, 0, 0, 3, 2, 3, 0, 3, 2, 1, 2, 0, 0, 3, 1, 2, 3, 3, 1, 3, 3, 1, 2, 1, 3, 3, 3, 2, 1, 0, 0, 1, 3, 1, 1, 2, 1, 2, 1, 0, 1, 0, 2, 1, 0, 2, 1, 3, 2, 2, 2, 1, 2, 0, 1, 1, 2, 1, 2, 2, 2, 0, 0, 0, 2, 0, 0, 1, 1, 1, 2, 2, 2, 0, 3, 1, 2, 1, 2, 1, 2, 2, 3, 3, 0, 0, 1, 2, 3, 3, 0, 0, 1, 1, 2, 2, 1, 2, 0, 1, 2, 2, 3, 3, 0, 0, 2, 0, 2, 3, 3, 0, 2, 0, 1, 2, 2, 1, 1, 2, 3, 1, 3, 1, 0, 0, 2, 1, 2, 2, 0, 3, 3, 3, 0, 2, 2, 3, 1, 1, 1, 0, 2, 3, 3, 2, 1, 2, 1, 3, 1, 2, 0, 0, 3, 3, 1, 0, 1, 0, 1, 1, 1, 2, 0, 0, 2, 2, 1, 3, 0, 0, 0, 0, 0, 1, 1, 3, 2, 0, 0, 0, 3, 3, 2, 3, 2, 1, 0, 0, 2, 3, 2, 3, 1, 1, 2, 0, 1, 0, 2, 0, 3, 1, 0, 1, 3, 3, 2, 3, 0, 2, 2, 3, 0, 0, 1, 0, 1, 3, 3, 3, 3, 3, 0, 1, 2, 1, 0, 0, 3, 0, 0, 1, 2, 3, 1, 1, 0, 2, 0, 3, 3, 3, 2, 2, 0, 0, 0, 0, 1, 2, 0, 2, 1, 2, 0, 1, 1, 0, 3, 0, 0, 1, 3, 0, 3, 1, 3, 2, 2, 3, 3, 1, 3, 3, 3, 3, 0, 0, 0, 1, 1, 3, 2, 1, 2, 1, 3, 3, 0, 0, 0, 1, 2, 2, 2, 3, 0, 0, 2, 3, 2, 3, 1, 3, 3, 3, 2, 3, 2, 0, 2, 1, 2, 3, 3, 2, 3, 1, 0, 3, 1, 2, 3, 1, 2, 3, 1, 0, 3, 2, 0, 3, 1, 1, 1, 0, 0, 1, 3, 3, 1, 3, 0, 0, 0, 2, 3, 1, 3, 0, 0, 3, 3, 1, 3, 3, 2, 3, 1, 0, 0, 3, 2, 3, 2, 3, 0, 2, 2, 0, 0, 3, 3, 3, 0, 0, 2, 2, 2, 1, 0, 2, 2, 2, 3, 1, 1, 2, 0, 0, 0, 2, 1, 0, 2, 1, 0, 1, 3, 0, 0, 0, 2, 2, 3, 0, 2, 1, 1, 1, 2, 2, 3, 0, 0, 0, 2, 2, 1, 1, 1, 1, 1, 1, 3, 1, 3, 0, 0, 3, 2, 1, 0, 2, 1, 1, 1, 1, 3, 1, 0, 1, 2, 1, 0, 2, 1, 0, 0, 0, 0, 3, 2, 0, 3, 2, 0, 2, 0, 0, 0, 2, 3, 2, 2, 3, 2, 0, 3, 3, 2, 1, 1, 0, 2, 2, 2, 0, 0, 0, 0, 1, 0, 1, 0, 2, 2, 1, 3, 1, 0, 3, 0, 0, 3, 3, 3, 2, 3, 2, 2, 2, 2, 2, 2, 0, 2, 3, 1, 3, 3, 1, 3, 0, 0, 2, 3, 1, 2, 3, 2, 3, 0, 2, 3, 3, 0, 2, 0, 3, 1, 1, 0, 2, 3, 2, 0, 1, 2, 2, 0, 3, 0, 3, 2, 2, 1, 3, 1, 1, 2, 3, 0, 3, 0, 3, 3, 2, 1, 1, 3, 0, 2, 3, 0, 0, 1, 3, 3, 3, 3, 3, 2, 2, 1, 2, 3, 3, 0, 2, 0, 1, 3, 2, 3, 1, 2, 2, 2, 3, 2, 3, 1, 2, 1, 0, 2, 3, 1, 3, 1, 0, 0, 3, 2, 3, 3, 2, 3, 1, 3, 0, 2, 1, 3, 3, 0, 0, 0, 2, 1, 3, 0, 0, 1, 1, 2, 0, 2, 0, 2, 1, 0, 0, 1, 2, 2, 0, 1, 2, 0, 2, 2, 2, 3, 1, 3, 0, 3, 2, 3, 0, 2, 2, 3, 0, 2, 2, 2, 0, 2, 0, 1, 2, 0, 0, 1, 3, 2, 0, 0, 2, 3, 2, 0, 3, 3, 2, 2, 1, 0, 3, 3, 0, 1, 1, 0, 0, 1, 0, 3, 0, 2, 3, 3, 2, 2, 0, 3, 0, 0, 0, 2, 1, 1, 0, 2, 1, 1, 1, 0, 0, 3, 3, 3, 1, 1, 2, 2, 1, 0, 0, 2, 2, 1, 1, 0, 1, 0, 1, 3, 0, 0, 3, 0, 1, 0, 2, 1]
prediction:   [1, 0, 0, 2, 0, 2, 3, 0, 2, 3, 3, 0, 2, 1, 1, 2, 2, 2, 3, 2, 3, 3, 3, 0, 2, 1, 2, 1, 2, 0, 0, 0, 3, 3, 3, 2, 3, 3, 0, 1, 0, 0, 0, 3, 3, 3, 0, 1, 1, 1, 0, 3, 2, 1, 2, 3, 2, 3, 0, 0, 1, 3, 0, 0, 0, 3, 2, 0, 1, 2, 1, 1, 1, 2, 2, 0, 1, 1, 1, 3, 1, 0, 1, 0, 2, 1, 1, 0, 0, 2, 1, 2, 1, 0, 1, 0, 3, 1, 2, 1, 1, 3, 0, 0, 2, 1, 2, 0, 0, 1, 1, 0, 1, 3, 2, 0, 0, 3, 3, 3, 3, 2, 0, 3, 2, 3, 3, 0, 0, 1, 2, 0, 0, 2, 2, 1, 3, 1, 0, 3, 0, 0, 1, 0, 1, 2, 1, 3, 2, 0, 3, 2, 3, 2, 2, 1, 2, 1, 2, 1, 0, 1, 0, 1, 3, 1, 2, 1, 3, 3, 0, 1, 3, 1, 0, 0, 0, 2, 0, 3, 1, 3, 0, 0, 1, 3, 2, 3, 3, 2, 1, 1, 3, 1, 1, 2, 0, 0, 1, 0, 1, 1, 2, 3, 3, 2, 0, 3, 3, 1, 3, 0, 3, 2, 3, 2, 3, 0, 3, 3, 0, 0, 1, 0, 1, 2, 3, 1, 3, 1, 2, 1, 2, 3, 3, 0, 1, 2, 0, 0, 1, 3, 3, 0, 3, 1, 0, 1, 2, 1, 0, 3, 0, 1, 3, 2, 2, 2, 3, 2, 2, 1, 0, 1, 1, 2, 2, 3, 3, 2, 0, 2, 0, 3, 1, 2, 1, 1, 0, 2, 0, 3, 1, 3, 1, 3, 1, 3, 2, 1, 1, 0, 0, 2, 1, 0, 0, 0, 2, 2, 1, 1, 1, 3, 0, 0, 2, 1, 2, 1, 3, 1, 1, 1, 2, 3, 3, 0, 0, 0, 2, 2, 1, 2, 3, 3, 1, 1, 3, 1, 0, 3, 3, 3, 2, 0, 3, 0, 3, 3, 3, 2, 2, 1, 1, 2, 0, 1, 3, 0, 0, 3, 2, 1, 2, 1, 3, 3, 3, 2, 3, 1, 2, 3, 0, 1, 1, 3, 2, 0, 0, 2, 3, 3, 2, 0, 1, 1, 3, 0, 3, 2, 1, 2, 0, 2, 1, 1, 2, 3, 3, 1, 2, 3, 0, 3, 0, 0, 1, 3, 1, 3, 2, 0, 3, 3, 1, 1, 1, 0, 3, 1, 1, 2, 2, 3, 1, 0, 1, 3, 1, 2, 1, 2, 1, 3, 2, 0, 1, 2, 3, 1, 0, 1, 1, 0, 0, 3, 1, 1, 1, 1, 3, 2, 0, 1, 2, 1, 3, 3, 2, 1, 3, 2, 2, 0, 1, 3, 3, 1, 0, 0, 2, 1, 1, 1, 0, 2, 0, 1, 2, 0, 1, 1, 1, 1, 1, 0, 3, 3, 2, 2, 2, 1, 1, 0, 3, 0, 1, 2, 2, 1, 1, 2, 1, 1, 2, 0, 2, 0, 2, 2, 2, 3, 3, 1, 0, 1, 0, 3, 2, 2, 1, 1, 0, 2, 3, 1, 3, 1, 3, 1, 2, 2, 2, 1, 0, 1, 1, 2, 2, 2, 1, 0, 0, 1, 2, 1, 1, 3, 1, 3, 3, 1, 2, 1, 2, 2, 2, 2, 1, 1, 0, 2, 3, 1, 0, 1, 1, 3, 1, 2, 3, 3, 3, 3, 0, 2, 3, 1, 0, 1, 1, 1, 0, 0, 1, 3, 3, 3, 3, 3, 0, 1, 3, 1, 2, 1, 2, 1, 2, 0, 0, 3, 1, 2, 1, 0, 0, 0, 2, 3, 1, 0, 3, 1, 2, 1, 2, 0, 2, 0, 2, 2, 0, 0, 3, 3, 0, 0, 3, 0, 3, 0, 3, 1, 0, 2, 3, 1, 3, 1, 2, 0, 1, 1, 2, 3, 1, 2, 2, 3, 1, 1, 1, 1, 2, 1, 3, 1, 0, 1, 1, 1, 2, 3, 3, 2, 2, 0, 2, 2, 1, 2, 3, 1, 2, 2, 1, 2, 0, 0, 3, 3, 1, 3, 3, 2, 0, 1, 1, 0, 3, 0, 0, 3, 2, 2, 0, 3, 2, 2, 3, 3, 3, 2, 1, 3, 3, 2, 1, 3, 2, 3, 1, 3, 0, 1, 2, 0, 2, 3, 0, 0, 1, 2, 0, 3, 1, 2, 1, 2, 1, 3, 1, 1, 2, 1, 3, 1, 1, 2, 2, 3, 1, 3, 3, 3, 1, 1, 2, 1, 1, 2, 3, 2, 1, 0, 3, 3, 2, 3, 0, 1, 0, 0, 1, 0, 2, 0, 1, 3, 2, 2, 3, 0, 2, 3, 2, 3, 0, 3, 3, 3, 2, 3, 2, 2, 3, 3, 3, 1, 0, 0, 1, 2, 2, 2, 2, 0, 3, 1, 0, 2, 3, 2, 1, 0, 0, 0, 2, 1, 1, 2, 1, 3, 2, 3, 2, 3, 2, 3, 1, 0, 3, 2, 2, 1, 3, 1, 0, 3, 1, 1, 1, 1, 3, 0, 1, 3, 1, 2, 3, 3, 3, 0, 3, 2, 0, 0, 3, 0, 1, 1, 0, 3, 0, 0, 1, 3, 3, 3, 0, 3, 1, 2, 2, 1, 2, 3, 1, 2, 2, 1, 1, 2, 2, 3, 1, 2, 1, 3, 1, 2, 2, 1, 1, 2, 0, 0, 0, 0, 3, 0, 3, 1, 3, 0, 0, 0, 1, 2, 3, 3, 1, 2, 0, 0, 1, 3, 0, 1, 1, 0, 1, 3, 0, 1, 2, 1, 0, 3, 0, 0, 1, 1, 2, 2, 1, 1, 3, 2, 2, 0, 2, 3, 2, 0, 2, 2, 1, 3, 1, 1, 1, 0, 1, 2, 0, 3, 1, 3, 3, 2, 3, 3, 2, 2, 0, 3, 2, 1, 3, 3, 2, 1, 1, 1, 2, 3, 2, 2, 3, 3, 3, 2, 0, 2, 3, 0, 3, 0, 2, 0, 1, 2, 2, 1, 1, 0, 2, 3, 2, 2, 2, 0, 0, 0, 3, 2, 0, 0, 3, 2, 1, 1, 0, 2, 0, 0, 3, 1, 2, 2, 1, 0, 2, 0, 3, 3, 2, 0, 0, 3, 2, 0, 3, 1, 2, 3, 1, 3, 1, 2, 3, 2, 3, 2, 0, 0, 0, 2, 0, 2, 0, 0, 1, 3, 3, 2, 3, 1, 0, 1, 1, 3, 0, 0, 0, 3, 1, 3, 0, 3, 0, 0, 2, 1, 3, 3, 0, 0, 2, 0, 0, 3, 3, 0, 3, 3, 3, 0, 2, 3, 2, 0, 3, 0, 2, 2, 2, 0, 3, 3, 1, 3, 0, 3, 0, 0, 1, 2, 0, 2, 0, 0, 3, 1, 0, 1, 1, 2, 2, 1, 0, 0, 1, 3, 2, 3, 3, 3, 0, 1, 0, 0, 0, 2, 3, 3, 2, 3, 0, 2, 0, 2, 1, 1, 2, 3, 1, 0, 2, 1, 3, 3, 3, 0, 2, 1, 1, 2, 1, 2, 1, 3, 1, 0, 1, 0, 3, 3, 0, 3, 0, 1, 3, 3, 3, 0, 3, 3, 2, 0, 0, 0, 0, 0, 0, 2, 3, 0, 2, 1, 0, 0, 1, 0, 1, 3, 3, 0, 2, 3, 3, 0, 1, 3, 1, 2, 2, 1, 2, 1, 3, 0, 2, 0, 3, 1, 1, 3, 1, 1, 2, 0, 2, 1, 2, 3, 2, 3, 2, 3, 0, 0, 3, 2, 2, 3, 0, 1, 3, 0, 3, 3, 2, 1, 2, 3, 1, 1, 0, 3, 2, 1, 0, 2, 2, 1, 2, 2, 1, 2, 1, 2, 0, 0, 1, 2, 3, 0, 3, 0, 1, 0, 1, 0, 3, 2, 2, 1, 0, 3, 0, 0, 1, 3, 2, 2, 2, 1, 1, 2, 0, 3, 3, 2, 3, 2, 3, 1, 0, 0, 2, 2, 1, 2, 0, 0, 0, 2, 3, 0, 2, 2, 3, 3, 2, 0, 2, 0, 2, 1, 0, 0, 3, 2, 3, 0, 3, 2, 1, 2, 0, 0, 3, 1, 2, 3, 3, 1, 3, 3, 1, 2, 1, 3, 3, 3, 2, 1, 0, 0, 1, 3, 1, 1, 2, 1, 2, 1, 0, 1, 0, 2, 1, 0, 2, 1, 3, 2, 2, 2, 1, 2, 0, 1, 1, 2, 1, 2, 2, 2, 0, 0, 0, 2, 0, 0, 1, 1, 1, 2, 2, 2, 0, 3, 1, 2, 1, 2, 1, 2, 2, 3, 3, 0, 0, 1, 2, 3, 3, 0, 0, 1, 1, 2, 2, 1, 2, 0, 1, 2, 2, 3, 3, 0, 0, 2, 0, 2, 3, 3, 0, 2, 0, 1, 2, 2, 1, 1, 2, 3, 1, 3, 1, 0, 0, 2, 1, 2, 2, 0, 3, 3, 3, 0, 2, 2, 3, 1, 1, 1, 0, 2, 3, 3, 2, 1, 2, 1, 3, 1, 2, 0, 0, 3, 3, 1, 0, 1, 0, 1, 1, 1, 2, 0, 0, 2, 2, 1, 3, 0, 0, 0, 0, 0, 1, 1, 3, 2, 0, 0, 0, 3, 3, 2, 3, 2, 1, 0, 0, 2, 3, 2, 3, 1, 1, 2, 0, 1, 0, 2, 0, 3, 1, 0, 1, 3, 3, 2, 3, 0, 2, 2, 3, 0, 0, 1, 0, 1, 3, 3, 3, 3, 3, 0, 1, 2, 1, 0, 0, 3, 0, 0, 1, 2, 3, 1, 1, 0, 2, 0, 3, 3, 3, 2, 2, 0, 0, 0, 0, 1, 2, 0, 2, 1, 2, 0, 1, 1, 0, 3, 0, 0, 1, 3, 0, 3, 1, 3, 2, 2, 3, 3, 1, 3, 3, 3, 3, 0, 0, 0, 1, 1, 3, 2, 1, 2, 1, 3, 3, 0, 0, 0, 1, 2, 2, 2, 3, 0, 0, 2, 3, 2, 3, 1, 3, 3, 3, 2, 3, 2, 0, 2, 1, 2, 3, 3, 2, 3, 1, 0, 3, 1, 2, 3, 1, 2, 3, 1, 0, 3, 2, 0, 3, 1, 1, 1, 0, 0, 1, 3, 3, 1, 3, 0, 0, 0, 2, 3, 1, 3, 0, 0, 3, 3, 1, 3, 3, 2, 3, 1, 0, 0, 3, 2, 3, 2, 3, 0, 2, 2, 0, 0, 3, 3, 3, 0, 0, 2, 2, 2, 1, 0, 2, 2, 2, 3, 1, 1, 2, 0, 0, 0, 2, 1, 0, 2, 1, 0, 1, 3, 0, 0, 0, 2, 2, 3, 0, 2, 1, 1, 1, 2, 2, 3, 0, 0, 0, 2, 2, 1, 1, 1, 1, 1, 1, 3, 1, 3, 0, 0, 3, 2, 1, 0, 2, 1, 1, 1, 1, 3, 1, 0, 1, 2, 1, 0, 2, 1, 0, 0, 0, 0, 3, 2, 0, 3, 2, 0, 2, 0, 0, 0, 2, 3, 2, 2, 3, 2, 0, 3, 3, 2, 1, 1, 0, 2, 2, 2, 0, 0, 0, 0, 1, 0, 1, 0, 2, 2, 1, 3, 1, 0, 3, 0, 0, 3, 3, 3, 2, 3, 2, 2, 2, 2, 2, 2, 0, 2, 3, 1, 3, 3, 1, 3, 0, 0, 2, 3, 1, 2, 3, 2, 3, 0, 2, 3, 3, 0, 2, 0, 3, 1, 1, 0, 2, 3, 2, 0, 1, 2, 2, 0, 3, 0, 3, 2, 2, 1, 3, 1, 1, 2, 3, 0, 3, 0, 3, 3, 1, 1, 1, 3, 0, 2, 3, 0, 0, 1, 3, 3, 3, 3, 3, 2, 2, 1, 2, 3, 3, 0, 2, 0, 1, 3, 2, 3, 1, 2, 2, 2, 3, 2, 3, 1, 2, 1, 0, 2, 3, 1, 3, 1, 0, 0, 3, 2, 3, 3, 2, 3, 1, 3, 0, 2, 1, 3, 3, 0, 0, 0, 2, 1, 3, 0, 0, 1, 1, 2, 0, 2, 0, 2, 1, 0, 0, 1, 2, 2, 0, 1, 2, 0, 2, 2, 2, 3, 1, 3, 0, 3, 2, 3, 0, 2, 2, 3, 0, 2, 2, 2, 0, 2, 0, 1, 2, 0, 0, 1, 3, 2, 0, 0, 2, 3, 2, 0, 3, 3, 2, 2, 1, 0, 3, 3, 0, 1, 1, 0, 0, 1, 0, 3, 0, 2, 3, 3, 2, 2, 0, 3, 0, 0, 0, 2, 1, 1, 0, 2, 1, 1, 1, 0, 0, 3, 3, 3, 1, 1, 2, 2, 1, 0, 0, 2, 2, 1, 1, 0, 1, 0, 1, 3, 0, 0, 3, 0, 1, 0, 2, 1]

----------------------------TRAIN----------------------------


----------------------------TEST----------------------------

[[  0   0   0   0   0]
 [  0   0   0   0   0]
 [  0   0   0   0   0]
 [  0   0   0   0   0]
 [355  94  58   4   0]]
              precision    recall  f1-score   support

           0       0.00      0.00      0.00       0.0
           1       0.00      0.00      0.00       0.0
           2       0.00      0.00      0.00       0.0
           3       0.00      0.00      0.00       0.0
           4       0.00      0.00      0.00     511.0

    accuracy                           0.00     511.0
   macro avg       0.00      0.00      0.00     511.0
weighted avg       0.00      0.00      0.00     511.0


ground truth: [4, 4, 4, 4, 4, 4, 4, 4, 4, 4, 4, 4, 4, 4, 4, 4, 4, 4, 4, 4, 4, 4, 4, 4, 4, 4, 4, 4, 4, 4, 4, 4, 4, 4, 4, 4, 4, 4, 4, 4, 4, 4, 4, 4, 4, 4, 4, 4, 4, 4, 4, 4, 4, 4, 4, 4, 4, 4, 4, 4, 4, 4, 4, 4, 4, 4, 4, 4, 4, 4, 4, 4, 4, 4, 4, 4, 4, 4, 4, 4, 4, 4, 4, 4, 4, 4, 4, 4, 4, 4, 4, 4, 4, 4, 4, 4, 4, 4, 4, 4, 4, 4, 4, 4, 4, 4, 4, 4, 4, 4, 4, 4, 4, 4, 4, 4, 4, 4, 4, 4, 4, 4, 4, 4, 4, 4, 4, 4, 4, 4, 4, 4, 4, 4, 4, 4, 4, 4, 4, 4, 4, 4, 4, 4, 4, 4, 4, 4, 4, 4, 4, 4, 4, 4, 4, 4, 4, 4, 4, 4, 4, 4, 4, 4, 4, 4, 4, 4, 4, 4, 4, 4, 4, 4, 4, 4, 4, 4, 4, 4, 4, 4, 4, 4, 4, 4, 4, 4, 4, 4, 4, 4, 4, 4, 4, 4, 4, 4, 4, 4, 4, 4, 4, 4, 4, 4, 4, 4, 4, 4, 4, 4, 4, 4, 4, 4, 4, 4, 4, 4, 4, 4, 4, 4, 4, 4, 4, 4, 4, 4, 4, 4, 4, 4, 4, 4, 4, 4, 4, 4, 4, 4, 4, 4, 4, 4, 4, 4, 4, 4, 4, 4, 4, 4, 4, 4, 4, 4, 4, 4, 4, 4, 4, 4, 4, 4, 4, 4, 4, 4, 4, 4, 4, 4, 4, 4, 4, 4, 4, 4, 4, 4, 4, 4, 4, 4, 4, 4, 4, 4, 4, 4, 4, 4, 4, 4, 4, 4, 4, 4, 4, 4, 4, 4, 4, 4, 4, 4, 4, 4, 4, 4, 4, 4, 4, 4, 4, 4, 4, 4, 4, 4, 4, 4, 4, 4, 4, 4, 4, 4, 4, 4, 4, 4, 4, 4, 4, 4, 4, 4, 4, 4, 4, 4, 4, 4, 4, 4, 4, 4, 4, 4, 4, 4, 4, 4, 4, 4, 4, 4, 4, 4, 4, 4, 4, 4, 4, 4, 4, 4, 4, 4, 4, 4, 4, 4, 4, 4, 4, 4, 4, 4, 4, 4, 4, 4, 4, 4, 4, 4, 4, 4, 4, 4, 4, 4, 4, 4, 4, 4, 4, 4, 4, 4, 4, 4, 4, 4, 4, 4, 4, 4, 4, 4, 4, 4, 4, 4, 4, 4, 4, 4, 4, 4, 4, 4, 4, 4, 4, 4, 4, 4, 4, 4, 4, 4, 4, 4, 4, 4, 4, 4, 4, 4, 4, 4, 4, 4, 4, 4, 4, 4, 4, 4, 4, 4, 4, 4, 4, 4, 4, 4, 4, 4, 4, 4, 4, 4, 4, 4, 4, 4, 4, 4, 4, 4, 4, 4, 4, 4, 4, 4, 4, 4, 4, 4, 4, 4, 4, 4, 4, 4, 4, 4, 4, 4, 4, 4, 4, 4, 4, 4, 4, 4, 4, 4, 4, 4, 4, 4, 4]
prediction:   [0, 1, 0, 0, 0, 0, 0, 1, 2, 0, 0, 2, 0, 0, 2, 0, 1, 2, 0, 0, 0, 0, 0, 0, 0, 0, 0, 0, 0, 0, 1, 0, 0, 0, 0, 1, 0, 0, 0, 0, 0, 0, 0, 0, 0, 0, 0, 0, 0, 0, 0, 2, 0, 0, 0, 2, 0, 0, 0, 1, 1, 0, 0, 0, 0, 0, 0, 0, 0, 0, 0, 0, 0, 0, 0, 0, 3, 1, 0, 0, 1, 1, 1, 0, 0, 0, 0, 0, 2, 0, 1, 1, 0, 0, 0, 0, 1, 1, 0, 0, 0, 2, 0, 0, 0, 0, 0, 0, 0, 0, 1, 1, 0, 0, 0, 2, 1, 0, 0, 1, 2, 0, 0, 0, 0, 0, 0, 0, 0, 0, 0, 0, 0, 0, 0, 0, 1, 0, 0, 0, 0, 0, 0, 0, 0, 1, 0, 0, 0, 0, 0, 1, 0, 2, 1, 0, 0, 0, 0, 1, 1, 1, 0, 0, 0, 0, 0, 0, 0, 0, 1, 0, 0, 0, 1, 0, 0, 1, 1, 0, 0, 0, 0, 0, 0, 0, 0, 0, 1, 2, 0, 1, 0, 0, 1, 1, 2, 2, 1, 0, 0, 0, 0, 0, 0, 0, 0, 0, 0, 0, 1, 0, 0, 0, 0, 0, 0, 0, 0, 0, 1, 1, 0, 0, 0, 0, 0, 0, 0, 0, 0, 0, 0, 1, 1, 0, 0, 1, 0, 0, 0, 0, 0, 0, 0, 0, 0, 0, 1, 1, 0, 0, 2, 0, 0, 0, 0, 0, 0, 0, 0, 0, 0, 0, 0, 1, 0, 0, 0, 0, 0, 0, 0, 0, 0, 0, 0, 0, 0, 0, 2, 0, 0, 0, 0, 1, 0, 3, 0, 0, 0, 0, 0, 3, 0, 0, 0, 2, 1, 1, 1, 0, 0, 1, 2, 2, 0, 0, 1, 0, 0, 0, 0, 0, 0, 0, 2, 0, 0, 0, 0, 2, 0, 0, 0, 0, 0, 0, 0, 0, 0, 0, 2, 0, 0, 0, 1, 0, 0, 0, 0, 0, 1, 1, 0, 0, 0, 1, 0, 0, 1, 0, 0, 0, 0, 0, 0, 0, 0, 0, 0, 0, 0, 1, 0, 0, 0, 0, 0, 0, 0, 1, 1, 0, 0, 0, 0, 1, 1, 0, 0, 0, 0, 0, 0, 0, 0, 0, 0, 0, 0, 0, 0, 0, 0, 0, 1, 0, 0, 2, 0, 0, 1, 2, 1, 2, 0, 0, 1, 2, 0, 1, 2, 2, 1, 2, 0, 1, 2, 2, 0, 0, 2, 2, 0, 2, 0, 2, 1, 0, 2, 1, 0, 0, 0, 0, 1, 1, 2, 1, 2, 1, 0, 0, 0, 0, 0, 2, 2, 2, 1, 2, 2, 2, 0, 2, 2, 2, 0, 0, 1, 1, 3, 0, 0, 0, 0, 0, 2, 2, 0, 0, 0, 1, 1, 2, 0, 1, 1, 0, 0, 1, 1, 1, 1, 2, 0, 1, 0, 2, 0, 1, 1, 2, 0, 0, 2, 1, 1, 1, 2, 2, 2, 0, 1, 1, 0, 2, 0, 1, 1]

----------------------------TEST----------------------------


Epochs: 4             | Train Loss:  0.007             | Train Accuracy:  0.999             | Val Loss:  3.024             | Val Accuracy:  0.139

100%|██████████████████████████████████████████████████████████████████████████████████████████████████████████████████████████████████████████████████████████████████████████████████████████████████████████████████████████████████████████████| 1022/1022 [47:15<00:00,  2.77s/it]


----------------------------TRAIN----------------------------

[[506   1   3   1]
 [  0 510   1   0]
 [  4   1 506   0]
 [  1   0   0 510]]
              precision    recall  f1-score   support

           0       0.99      0.99      0.99       511
           1       1.00      1.00      1.00       511
           2       0.99      0.99      0.99       511
           3       1.00      1.00      1.00       511

    accuracy                           0.99      2044
   macro avg       0.99      0.99      0.99      2044
weighted avg       0.99      0.99      0.99      2044


ground truth: [3, 0, 3, 2, 0, 0, 1, 2, 0, 1, 0, 2, 3, 1, 2, 1, 1, 1, 2, 0, 2, 1, 0, 1, 0, 0, 3, 0, 0, 1, 2, 1, 1, 2, 2, 1, 1, 1, 2, 0, 2, 3, 3, 1, 2, 2, 3, 1, 2, 1, 3, 1, 0, 1, 0, 2, 2, 3, 1, 2, 1, 0, 1, 2, 1, 2, 2, 3, 0, 1, 3, 3, 1, 3, 2, 2, 0, 3, 1, 3, 1, 0, 0, 0, 0, 1, 3, 2, 0, 0, 0, 1, 0, 0, 0, 3, 1, 3, 0, 3, 0, 1, 3, 1, 0, 2, 2, 0, 3, 1, 3, 1, 2, 1, 0, 1, 0, 2, 0, 0, 3, 0, 3, 3, 2, 2, 0, 1, 3, 2, 3, 1, 0, 0, 0, 2, 2, 3, 2, 3, 2, 2, 3, 0, 0, 1, 1, 1, 0, 0, 2, 0, 0, 1, 0, 2, 3, 1, 2, 2, 0, 1, 3, 3, 2, 2, 1, 0, 1, 3, 3, 0, 1, 0, 2, 0, 1, 2, 2, 1, 3, 3, 3, 3, 2, 0, 1, 1, 3, 2, 2, 3, 1, 3, 2, 3, 0, 3, 2, 1, 1, 3, 2, 1, 3, 0, 0, 1, 1, 0, 1, 1, 0, 1, 0, 3, 3, 2, 0, 1, 1, 3, 3, 2, 3, 2, 0, 0, 2, 3, 0, 2, 3, 3, 0, 0, 1, 1, 2, 3, 0, 3, 1, 2, 1, 0, 3, 2, 1, 0, 1, 1, 0, 2, 2, 3, 0, 2, 0, 2, 0, 3, 2, 3, 1, 1, 0, 3, 1, 0, 3, 3, 2, 2, 2, 1, 1, 0, 3, 2, 1, 0, 0, 0, 3, 1, 2, 1, 0, 0, 3, 3, 0, 2, 2, 0, 0, 1, 0, 0, 2, 3, 1, 1, 3, 0, 3, 2, 2, 1, 3, 1, 1, 2, 2, 3, 1, 1, 1, 2, 2, 0, 3, 2, 1, 2, 0, 1, 0, 0, 1, 0, 2, 3, 2, 1, 2, 1, 3, 1, 3, 3, 2, 1, 1, 2, 3, 2, 3, 1, 0, 0, 0, 1, 3, 3, 2, 0, 1, 2, 1, 2, 0, 0, 0, 2, 2, 2, 0, 1, 0, 2, 3, 1, 0, 0, 1, 2, 2, 0, 0, 3, 3, 2, 2, 0, 0, 1, 2, 0, 0, 2, 2, 3, 1, 0, 1, 0, 3, 3, 3, 2, 1, 3, 1, 0, 2, 0, 2, 3, 2, 1, 2, 0, 1, 0, 3, 3, 2, 2, 0, 2, 3, 1, 2, 1, 0, 3, 3, 2, 0, 0, 1, 2, 0, 3, 3, 2, 2, 1, 1, 3, 2, 2, 0, 3, 0, 1, 2, 3, 0, 3, 2, 2, 2, 3, 0, 2, 0, 3, 1, 1, 0, 0, 1, 3, 3, 0, 1, 0, 2, 2, 3, 1, 1, 3, 3, 0, 2, 2, 0, 3, 2, 3, 3, 0, 1, 2, 3, 1, 1, 0, 2, 1, 3, 0, 1, 3, 3, 1, 2, 2, 1, 0, 1, 0, 1, 0, 2, 0, 2, 1, 2, 0, 1, 2, 1, 3, 2, 1, 0, 2, 1, 3, 2, 0, 1, 0, 3, 3, 2, 3, 3, 2, 2, 1, 0, 2, 3, 1, 2, 0, 2, 3, 3, 3, 2, 1, 0, 0, 2, 1, 3, 2, 1, 2, 1, 3, 1, 2, 1, 2, 1, 3, 2, 1, 2, 3, 1, 3, 0, 1, 1, 1, 0, 0, 1, 1, 1, 1, 0, 3, 0, 1, 1, 3, 3, 0, 0, 0, 2, 0, 3, 1, 0, 2, 2, 2, 0, 0, 0, 0, 0, 1, 0, 2, 1, 2, 3, 1, 3, 3, 1, 2, 2, 1, 2, 0, 0, 3, 3, 0, 0, 3, 1, 0, 0, 2, 3, 1, 3, 2, 2, 1, 1, 1, 2, 3, 2, 0, 3, 1, 0, 0, 1, 0, 3, 1, 2, 2, 0, 0, 0, 2, 3, 1, 3, 1, 3, 1, 0, 3, 2, 3, 2, 3, 0, 1, 2, 1, 0, 0, 2, 3, 2, 2, 3, 0, 2, 0, 2, 3, 2, 1, 3, 0, 3, 0, 0, 1, 2, 2, 1, 2, 2, 0, 0, 2, 1, 0, 3, 1, 2, 2, 1, 1, 0, 1, 0, 1, 1, 3, 2, 0, 1, 0, 3, 0, 0, 1, 1, 1, 3, 0, 2, 0, 2, 3, 3, 2, 1, 2, 2, 1, 2, 2, 2, 2, 1, 1, 1, 3, 2, 3, 1, 1, 3, 1, 3, 1, 0, 0, 2, 1, 2, 3, 1, 1, 0, 3, 3, 0, 0, 0, 3, 3, 3, 2, 3, 2, 3, 3, 0, 2, 2, 1, 3, 1, 1, 0, 1, 2, 1, 2, 0, 1, 2, 0, 2, 1, 3, 3, 0, 1, 3, 0, 0, 3, 1, 3, 3, 3, 2, 0, 1, 3, 1, 3, 1, 2, 0, 2, 2, 1, 3, 0, 2, 3, 0, 2, 2, 0, 1, 2, 0, 3, 0, 0, 2, 1, 3, 1, 3, 2, 3, 2, 2, 3, 1, 0, 3, 2, 3, 1, 0, 0, 1, 2, 2, 0, 3, 1, 1, 3, 0, 0, 1, 2, 1, 0, 2, 1, 1, 3, 1, 1, 2, 3, 0, 2, 3, 1, 1, 3, 2, 0, 3, 0, 0, 2, 1, 0, 1, 2, 2, 1, 0, 2, 3, 3, 2, 3, 1, 1, 0, 2, 0, 0, 1, 1, 0, 0, 1, 0, 3, 1, 3, 1, 0, 2, 0, 3, 1, 3, 3, 2, 0, 3, 2, 2, 2, 2, 0, 0, 0, 1, 2, 1, 1, 0, 3, 0, 2, 1, 0, 3, 3, 0, 2, 3, 1, 3, 2, 1, 3, 2, 3, 0, 1, 2, 0, 2, 2, 3, 2, 0, 3, 2, 3, 3, 3, 2, 3, 3, 0, 1, 1, 3, 3, 0, 1, 1, 1, 0, 1, 1, 0, 0, 1, 1, 1, 2, 3, 2, 0, 0, 1, 2, 3, 0, 0, 0, 0, 3, 3, 1, 3, 1, 1, 3, 3, 2, 1, 1, 1, 3, 0, 2, 2, 1, 3, 2, 0, 3, 3, 3, 2, 1, 2, 2, 1, 3, 3, 1, 0, 3, 0, 2, 3, 2, 1, 3, 3, 2, 2, 1, 0, 2, 2, 3, 1, 2, 1, 3, 1, 3, 1, 1, 2, 3, 2, 3, 3, 3, 3, 3, 2, 2, 0, 2, 0, 1, 3, 3, 2, 0, 2, 3, 2, 1, 0, 3, 1, 1, 3, 0, 3, 2, 3, 0, 1, 1, 0, 1, 2, 3, 3, 3, 1, 3, 1, 2, 1, 2, 2, 0, 1, 3, 2, 0, 0, 3, 3, 1, 1, 1, 3, 1, 1, 1, 3, 2, 2, 3, 3, 2, 1, 1, 2, 1, 2, 2, 1, 3, 0, 2, 3, 2, 0, 1, 3, 1, 0, 2, 3, 2, 2, 0, 0, 1, 1, 1, 0, 2, 3, 0, 1, 2, 2, 2, 3, 0, 0, 2, 3, 1, 3, 3, 3, 0, 1, 3, 3, 1, 1, 1, 0, 2, 0, 0, 2, 1, 0, 2, 0, 2, 1, 2, 1, 3, 2, 0, 1, 0, 1, 2, 3, 3, 1, 0, 1, 1, 1, 0, 1, 3, 3, 0, 1, 0, 2, 0, 1, 0, 0, 0, 3, 3, 0, 0, 1, 1, 1, 0, 0, 3, 3, 2, 3, 2, 3, 0, 2, 2, 2, 2, 1, 2, 1, 3, 1, 1, 0, 0, 1, 0, 3, 1, 1, 1, 0, 0, 0, 3, 3, 1, 3, 1, 0, 1, 1, 3, 0, 0, 3, 1, 2, 3, 3, 2, 0, 2, 1, 1, 2, 3, 1, 3, 3, 2, 2, 1, 0, 1, 1, 3, 0, 2, 2, 2, 2, 0, 2, 2, 1, 1, 2, 0, 1, 3, 1, 3, 1, 0, 2, 1, 3, 0, 3, 1, 0, 2, 1, 3, 0, 3, 3, 3, 3, 1, 1, 3, 2, 0, 3, 2, 2, 1, 2, 2, 0, 3, 2, 3, 0, 0, 2, 1, 3, 2, 1, 3, 0, 3, 2, 1, 0, 3, 1, 1, 2, 3, 0, 3, 3, 1, 0, 0, 0, 1, 2, 3, 2, 0, 1, 2, 1, 3, 0, 0, 1, 3, 1, 2, 3, 0, 0, 3, 3, 1, 1, 3, 0, 0, 2, 1, 3, 0, 0, 2, 3, 2, 2, 1, 1, 0, 3, 1, 1, 2, 2, 2, 1, 2, 3, 2, 0, 3, 1, 3, 3, 3, 1, 1, 2, 3, 0, 1, 0, 3, 0, 3, 2, 2, 2, 3, 1, 3, 3, 0, 0, 1, 2, 2, 0, 2, 3, 0, 3, 1, 0, 2, 0, 3, 1, 1, 2, 0, 2, 1, 3, 0, 2, 0, 3, 3, 0, 3, 1, 2, 3, 1, 0, 0, 3, 0, 0, 1, 1, 0, 0, 2, 3, 1, 1, 2, 1, 2, 3, 2, 0, 3, 1, 3, 3, 0, 0, 2, 0, 2, 1, 2, 0, 2, 3, 2, 1, 1, 3, 0, 1, 0, 2, 0, 3, 1, 0, 1, 2, 2, 1, 2, 3, 0, 0, 2, 3, 1, 0, 0, 3, 1, 3, 1, 3, 0, 3, 0, 2, 3, 2, 1, 2, 1, 2, 0, 3, 1, 1, 1, 1, 0, 1, 2, 2, 2, 2, 3, 0, 1, 2, 1, 3, 3, 2, 2, 1, 0, 3, 1, 0, 2, 2, 3, 0, 3, 2, 0, 0, 0, 2, 1, 1, 2, 3, 1, 0, 2, 1, 1, 1, 3, 1, 0, 1, 2, 2, 0, 1, 0, 0, 2, 3, 3, 0, 2, 3, 0, 1, 0, 3, 2, 0, 2, 2, 2, 0, 1, 0, 0, 0, 0, 3, 3, 2, 1, 0, 3, 3, 3, 3, 2, 3, 3, 0, 1, 2, 3, 1, 1, 1, 0, 0, 2, 0, 0, 2, 3, 0, 0, 0, 1, 2, 1, 1, 0, 0, 0, 0, 2, 2, 3, 3, 2, 1, 0, 2, 3, 3, 2, 0, 3, 2, 2, 2, 3, 3, 3, 3, 2, 0, 2, 3, 0, 3, 3, 0, 2, 1, 3, 1, 1, 3, 2, 0, 2, 1, 3, 2, 1, 2, 3, 2, 1, 3, 2, 2, 0, 3, 2, 3, 0, 2, 2, 1, 0, 1, 3, 1, 1, 3, 2, 0, 2, 2, 0, 3, 0, 3, 1, 3, 0, 1, 3, 1, 0, 2, 2, 1, 3, 1, 2, 2, 3, 3, 3, 1, 0, 3, 0, 3, 0, 0, 0, 1, 3, 1, 1, 1, 3, 2, 3, 2, 0, 2, 1, 3, 3, 3, 0, 3, 2, 3, 0, 2, 1, 2, 2, 0, 3, 1, 1, 2, 1, 2, 2, 3, 2, 2, 2, 0, 1, 0, 0, 3, 0, 1, 0, 3, 2, 1, 1, 2, 1, 0, 1, 0, 0, 3, 1, 2, 1, 1, 0, 1, 0, 3, 3, 0, 3, 3, 1, 0, 1, 1, 2, 0, 1, 0, 2, 2, 3, 3, 3, 3, 3, 3, 0, 0, 0, 1, 1, 2, 3, 3, 2, 0, 2, 3, 1, 3, 0, 1, 2, 0, 3, 0, 3, 0, 2, 3, 2, 0, 2, 1, 2, 1, 3, 3, 0, 2, 2, 3, 0, 3, 3, 1, 1, 2, 1, 2, 2, 3, 0, 1, 0, 0, 0, 3, 3, 0, 3, 1, 2, 2, 3, 2, 3, 3, 0, 1, 1, 2, 0, 2, 3, 3, 2, 3, 0, 0, 2, 0, 0, 3, 1, 0, 0, 1, 3, 0, 0, 3, 3, 2, 2, 0, 3, 3, 0, 0, 2, 2, 2, 1, 2, 3, 1, 0, 0, 2, 0, 2, 0, 3, 0, 0, 2, 3, 1, 1, 3, 2, 0, 0, 0, 3, 2, 3, 3, 3, 2, 3, 3, 3, 0, 3, 2, 0, 2, 3, 3, 2, 3, 2, 0, 1, 0, 2, 3, 3, 1, 3, 1, 3, 1, 1, 0, 2, 3, 2, 3, 0, 3, 2, 1, 0, 2, 2, 3, 0, 3, 0, 0, 3, 0, 1, 1, 1, 3, 1, 1, 2, 1, 1, 1, 0, 2, 0, 2, 0, 2, 3, 0, 0, 1, 2, 2, 3, 1, 2, 0, 0, 0, 2, 3, 1, 0, 1, 1, 0, 2, 3, 3, 1, 1, 0, 3, 2, 0, 2, 2, 2, 2, 2, 2, 2, 1, 2, 2, 3, 1, 3, 0]
prediction:   [3, 0, 3, 2, 0, 0, 1, 2, 0, 1, 0, 2, 3, 1, 2, 1, 1, 1, 2, 0, 2, 1, 0, 1, 0, 0, 3, 0, 0, 1, 2, 1, 1, 2, 2, 1, 1, 1, 2, 0, 2, 3, 3, 1, 2, 2, 3, 1, 2, 1, 3, 1, 0, 1, 0, 2, 2, 3, 1, 2, 1, 0, 1, 2, 1, 2, 2, 3, 0, 1, 3, 3, 1, 3, 2, 2, 0, 3, 2, 3, 1, 0, 0, 0, 0, 1, 3, 2, 0, 0, 0, 1, 0, 0, 0, 3, 1, 3, 0, 3, 0, 1, 3, 1, 0, 1, 2, 0, 3, 1, 3, 1, 2, 1, 0, 1, 0, 2, 0, 0, 3, 0, 3, 3, 2, 0, 0, 1, 3, 2, 3, 1, 0, 0, 0, 2, 2, 3, 2, 3, 2, 0, 3, 0, 0, 1, 1, 1, 0, 0, 2, 0, 0, 1, 0, 2, 3, 1, 2, 2, 0, 1, 3, 3, 2, 2, 1, 0, 1, 3, 3, 0, 1, 0, 2, 0, 1, 2, 2, 1, 3, 3, 3, 3, 2, 0, 1, 1, 3, 2, 2, 3, 1, 3, 2, 3, 0, 3, 2, 1, 1, 3, 2, 1, 3, 0, 0, 1, 1, 0, 1, 1, 0, 1, 0, 3, 3, 2, 0, 1, 1, 3, 3, 2, 3, 2, 0, 0, 2, 3, 0, 2, 3, 3, 0, 0, 1, 1, 2, 3, 0, 3, 1, 2, 1, 0, 3, 2, 1, 0, 1, 1, 0, 2, 2, 3, 0, 2, 0, 2, 0, 3, 2, 3, 1, 1, 0, 3, 1, 0, 3, 3, 2, 2, 2, 1, 1, 0, 3, 2, 1, 0, 0, 0, 3, 1, 2, 1, 0, 0, 3, 3, 0, 2, 2, 0, 0, 1, 0, 0, 2, 3, 1, 1, 3, 0, 3, 2, 2, 1, 3, 1, 1, 2, 2, 3, 1, 1, 1, 2, 2, 0, 3, 2, 1, 2, 0, 1, 0, 0, 1, 0, 2, 3, 2, 1, 2, 1, 3, 1, 3, 3, 2, 1, 1, 2, 3, 2, 3, 1, 0, 0, 2, 1, 3, 3, 2, 0, 1, 2, 1, 2, 0, 0, 0, 2, 0, 2, 0, 1, 0, 2, 3, 1, 0, 0, 1, 2, 2, 0, 0, 3, 3, 2, 2, 0, 0, 1, 2, 0, 0, 2, 2, 3, 1, 0, 1, 0, 3, 3, 3, 2, 1, 3, 1, 0, 2, 0, 2, 3, 2, 1, 2, 0, 1, 0, 3, 3, 2, 2, 0, 2, 3, 1, 2, 1, 0, 3, 3, 2, 0, 0, 1, 2, 0, 3, 3, 2, 2, 1, 1, 3, 2, 2, 0, 3, 0, 1, 2, 3, 0, 3, 2, 2, 2, 3, 0, 2, 0, 3, 1, 1, 0, 0, 1, 3, 3, 0, 1, 0, 2, 2, 3, 1, 1, 3, 3, 0, 2, 2, 0, 3, 2, 3, 3, 0, 1, 2, 3, 1, 1, 0, 2, 1, 3, 0, 1, 3, 3, 1, 2, 2, 1, 0, 1, 0, 1, 0, 2, 0, 2, 1, 2, 0, 1, 2, 1, 3, 2, 1, 0, 2, 1, 3, 2, 0, 1, 0, 3, 3, 2, 3, 3, 2, 2, 1, 0, 2, 3, 1, 2, 0, 2, 3, 3, 3, 2, 1, 0, 0, 2, 1, 3, 2, 1, 2, 1, 3, 1, 2, 1, 2, 1, 3, 2, 1, 2, 3, 1, 3, 0, 1, 1, 1, 1, 0, 1, 1, 1, 1, 0, 3, 0, 1, 1, 3, 3, 0, 0, 0, 2, 0, 3, 1, 0, 2, 2, 2, 0, 0, 0, 0, 0, 1, 0, 2, 1, 2, 3, 1, 3, 3, 1, 2, 2, 1, 2, 0, 0, 3, 3, 0, 0, 3, 1, 0, 0, 2, 3, 1, 3, 2, 2, 1, 1, 1, 2, 3, 2, 0, 3, 1, 0, 0, 1, 0, 3, 1, 2, 2, 0, 0, 0, 2, 3, 1, 3, 1, 3, 1, 0, 3, 2, 3, 2, 3, 0, 1, 2, 1, 0, 0, 2, 3, 2, 2, 3, 0, 2, 0, 0, 0, 2, 1, 3, 0, 3, 0, 0, 1, 2, 2, 1, 2, 2, 0, 0, 2, 1, 0, 3, 1, 2, 2, 1, 1, 0, 1, 3, 1, 1, 3, 2, 0, 1, 0, 3, 0, 0, 1, 1, 1, 3, 0, 2, 2, 2, 3, 3, 2, 1, 2, 2, 1, 2, 2, 2, 2, 1, 1, 1, 3, 2, 3, 1, 1, 3, 1, 3, 1, 0, 0, 2, 1, 2, 3, 1, 1, 0, 3, 3, 0, 0, 0, 3, 3, 3, 2, 3, 2, 3, 3, 0, 2, 2, 1, 3, 1, 1, 0, 1, 2, 1, 2, 0, 1, 2, 0, 2, 1, 3, 3, 0, 1, 3, 0, 0, 3, 1, 3, 3, 3, 2, 0, 1, 3, 1, 3, 1, 2, 0, 2, 2, 1, 3, 0, 2, 3, 0, 2, 2, 0, 1, 2, 0, 3, 0, 0, 2, 1, 3, 1, 3, 2, 3, 2, 2, 3, 1, 0, 3, 2, 3, 1, 0, 0, 1, 2, 2, 0, 3, 1, 1, 3, 0, 0, 1, 2, 1, 0, 2, 1, 1, 3, 1, 1, 2, 3, 0, 2, 3, 1, 1, 3, 2, 0, 3, 0, 0, 2, 1, 0, 1, 2, 2, 1, 0, 2, 3, 3, 2, 3, 1, 1, 0, 2, 0, 0, 1, 1, 0, 0, 1, 0, 3, 1, 3, 1, 0, 2, 0, 3, 1, 3, 3, 2, 0, 3, 2, 2, 2, 2, 0, 0, 0, 1, 2, 1, 1, 0, 3, 0, 2, 1, 0, 3, 3, 0, 2, 3, 1, 3, 2, 1, 3, 2, 3, 0, 1, 2, 0, 2, 2, 3, 2, 0, 3, 2, 3, 3, 3, 2, 3, 3, 0, 1, 1, 3, 3, 0, 1, 1, 1, 0, 1, 1, 0, 0, 1, 1, 1, 2, 3, 2, 0, 0, 1, 2, 3, 0, 0, 0, 0, 3, 3, 1, 3, 1, 1, 3, 3, 2, 1, 1, 1, 3, 0, 2, 2, 1, 3, 2, 0, 3, 3, 3, 2, 1, 2, 2, 1, 3, 3, 1, 0, 3, 0, 2, 3, 2, 1, 3, 3, 2, 2, 1, 0, 2, 2, 3, 1, 2, 1, 3, 1, 3, 1, 1, 2, 3, 2, 3, 3, 3, 3, 3, 2, 2, 0, 2, 0, 1, 3, 3, 2, 0, 2, 3, 2, 1, 0, 3, 1, 1, 3, 0, 3, 2, 3, 0, 1, 1, 0, 1, 2, 3, 3, 3, 1, 3, 1, 2, 1, 2, 2, 0, 1, 3, 2, 0, 0, 3, 3, 1, 1, 1, 3, 1, 1, 1, 3, 2, 2, 3, 3, 2, 1, 1, 2, 1, 2, 2, 1, 3, 0, 2, 3, 2, 0, 1, 3, 1, 0, 2, 3, 2, 2, 0, 0, 1, 1, 1, 0, 2, 3, 0, 1, 2, 2, 2, 3, 0, 0, 2, 3, 1, 3, 3, 3, 0, 1, 3, 3, 1, 1, 1, 0, 2, 0, 0, 2, 1, 0, 2, 0, 2, 1, 2, 1, 3, 2, 0, 1, 0, 1, 2, 3, 3, 1, 0, 1, 1, 1, 0, 1, 3, 3, 0, 1, 0, 2, 0, 1, 0, 0, 0, 3, 3, 0, 0, 1, 1, 1, 0, 0, 3, 3, 2, 3, 2, 3, 0, 2, 2, 2, 2, 1, 2, 1, 3, 1, 1, 0, 0, 1, 0, 3, 1, 1, 1, 0, 0, 0, 3, 3, 1, 3, 1, 0, 1, 1, 3, 0, 0, 3, 1, 2, 3, 3, 2, 0, 2, 1, 1, 2, 3, 1, 3, 3, 2, 2, 1, 0, 1, 1, 3, 0, 2, 2, 2, 2, 0, 2, 2, 1, 1, 2, 0, 1, 3, 1, 3, 1, 0, 2, 1, 3, 0, 3, 1, 0, 2, 1, 3, 0, 3, 3, 3, 3, 1, 1, 3, 2, 0, 3, 2, 2, 1, 2, 2, 0, 3, 2, 3, 0, 0, 2, 1, 3, 2, 1, 3, 0, 3, 2, 1, 0, 3, 1, 1, 2, 3, 0, 3, 3, 1, 0, 0, 0, 1, 2, 3, 2, 0, 1, 2, 1, 3, 0, 0, 1, 3, 1, 2, 3, 0, 0, 3, 3, 1, 1, 3, 0, 0, 2, 1, 3, 0, 0, 2, 3, 2, 2, 1, 1, 0, 3, 1, 1, 2, 2, 2, 1, 2, 3, 2, 0, 3, 1, 3, 3, 3, 1, 1, 2, 3, 0, 1, 0, 3, 0, 3, 2, 2, 2, 3, 1, 3, 3, 0, 0, 1, 2, 2, 0, 2, 3, 0, 3, 1, 0, 2, 0, 3, 1, 1, 2, 0, 2, 1, 3, 0, 2, 0, 3, 3, 0, 3, 1, 2, 3, 1, 0, 0, 3, 0, 0, 1, 1, 0, 0, 2, 3, 1, 1, 2, 1, 2, 3, 2, 0, 3, 1, 3, 3, 0, 0, 2, 0, 2, 1, 2, 0, 2, 3, 2, 1, 1, 3, 0, 1, 0, 2, 0, 3, 1, 0, 1, 2, 2, 1, 2, 3, 0, 0, 2, 3, 1, 0, 0, 3, 1, 3, 1, 3, 0, 3, 0, 2, 3, 2, 1, 2, 1, 2, 0, 3, 1, 1, 1, 1, 0, 1, 2, 2, 2, 2, 3, 0, 1, 2, 1, 3, 3, 2, 2, 1, 0, 3, 1, 0, 2, 2, 3, 0, 3, 2, 0, 0, 0, 2, 1, 1, 2, 3, 1, 0, 2, 1, 1, 1, 3, 1, 0, 1, 2, 2, 0, 1, 0, 0, 2, 3, 3, 0, 2, 3, 0, 1, 0, 3, 2, 0, 2, 2, 2, 0, 1, 0, 0, 0, 0, 3, 3, 2, 1, 0, 3, 3, 3, 3, 2, 3, 3, 0, 1, 2, 3, 1, 1, 1, 0, 0, 2, 0, 0, 2, 3, 0, 0, 0, 1, 2, 1, 1, 0, 0, 0, 0, 2, 2, 3, 3, 2, 1, 0, 2, 3, 3, 2, 0, 3, 2, 2, 2, 3, 3, 3, 3, 2, 0, 2, 3, 0, 3, 3, 0, 2, 1, 3, 1, 1, 3, 2, 0, 2, 1, 3, 2, 1, 2, 3, 2, 1, 3, 2, 2, 0, 3, 2, 3, 0, 2, 2, 1, 0, 1, 3, 1, 1, 3, 2, 0, 2, 2, 0, 3, 0, 3, 1, 3, 0, 1, 3, 1, 0, 2, 2, 1, 3, 1, 2, 2, 3, 3, 3, 1, 0, 3, 0, 3, 0, 0, 0, 1, 3, 1, 1, 1, 3, 2, 3, 2, 0, 2, 1, 3, 3, 3, 0, 3, 2, 3, 0, 2, 1, 2, 2, 0, 3, 1, 1, 2, 1, 2, 2, 3, 2, 2, 2, 0, 1, 0, 0, 3, 0, 1, 0, 3, 2, 1, 1, 2, 1, 0, 1, 0, 0, 3, 1, 2, 1, 1, 0, 1, 0, 3, 3, 0, 3, 3, 1, 0, 1, 1, 2, 2, 1, 0, 2, 2, 3, 3, 3, 3, 3, 3, 0, 0, 0, 1, 1, 2, 3, 3, 2, 0, 2, 3, 1, 3, 0, 1, 2, 0, 3, 0, 3, 0, 2, 3, 2, 0, 2, 1, 2, 1, 3, 3, 0, 2, 2, 3, 0, 3, 3, 1, 1, 2, 1, 2, 2, 3, 0, 1, 0, 0, 0, 3, 3, 0, 3, 1, 2, 2, 3, 2, 3, 3, 0, 1, 1, 2, 0, 2, 3, 3, 2, 3, 0, 0, 2, 0, 0, 3, 1, 0, 0, 1, 3, 0, 0, 3, 3, 2, 2, 0, 3, 3, 0, 0, 2, 2, 2, 1, 2, 3, 1, 0, 0, 2, 0, 2, 0, 3, 0, 0, 2, 3, 1, 1, 3, 2, 0, 0, 0, 3, 2, 3, 3, 3, 2, 3, 3, 3, 0, 3, 2, 0, 2, 3, 3, 2, 3, 2, 0, 1, 0, 2, 3, 3, 1, 3, 1, 3, 1, 1, 0, 2, 3, 2, 3, 0, 3, 2, 1, 0, 2, 2, 3, 0, 3, 0, 0, 3, 0, 1, 1, 1, 3, 1, 1, 2, 1, 1, 1, 0, 2, 0, 2, 0, 2, 3, 0, 0, 1, 2, 2, 3, 1, 2, 0, 0, 0, 2, 3, 1, 0, 1, 1, 0, 2, 3, 3, 1, 1, 0, 3, 2, 0, 2, 2, 2, 2, 2, 2, 2, 1, 2, 2, 3, 1, 3, 0]

----------------------------TRAIN----------------------------


----------------------------TEST----------------------------

[[  0   0   0   0   0]
 [  0   0   0   0   0]
 [  0   0   0   0   0]
 [  0   0   0   0   0]
 [306 126  71   8   0]]
              precision    recall  f1-score   support

           0       0.00      0.00      0.00       0.0
           1       0.00      0.00      0.00       0.0
           2       0.00      0.00      0.00       0.0
           3       0.00      0.00      0.00       0.0
           4       0.00      0.00      0.00     511.0

    accuracy                           0.00     511.0
   macro avg       0.00      0.00      0.00     511.0
weighted avg       0.00      0.00      0.00     511.0


ground truth: [4, 4, 4, 4, 4, 4, 4, 4, 4, 4, 4, 4, 4, 4, 4, 4, 4, 4, 4, 4, 4, 4, 4, 4, 4, 4, 4, 4, 4, 4, 4, 4, 4, 4, 4, 4, 4, 4, 4, 4, 4, 4, 4, 4, 4, 4, 4, 4, 4, 4, 4, 4, 4, 4, 4, 4, 4, 4, 4, 4, 4, 4, 4, 4, 4, 4, 4, 4, 4, 4, 4, 4, 4, 4, 4, 4, 4, 4, 4, 4, 4, 4, 4, 4, 4, 4, 4, 4, 4, 4, 4, 4, 4, 4, 4, 4, 4, 4, 4, 4, 4, 4, 4, 4, 4, 4, 4, 4, 4, 4, 4, 4, 4, 4, 4, 4, 4, 4, 4, 4, 4, 4, 4, 4, 4, 4, 4, 4, 4, 4, 4, 4, 4, 4, 4, 4, 4, 4, 4, 4, 4, 4, 4, 4, 4, 4, 4, 4, 4, 4, 4, 4, 4, 4, 4, 4, 4, 4, 4, 4, 4, 4, 4, 4, 4, 4, 4, 4, 4, 4, 4, 4, 4, 4, 4, 4, 4, 4, 4, 4, 4, 4, 4, 4, 4, 4, 4, 4, 4, 4, 4, 4, 4, 4, 4, 4, 4, 4, 4, 4, 4, 4, 4, 4, 4, 4, 4, 4, 4, 4, 4, 4, 4, 4, 4, 4, 4, 4, 4, 4, 4, 4, 4, 4, 4, 4, 4, 4, 4, 4, 4, 4, 4, 4, 4, 4, 4, 4, 4, 4, 4, 4, 4, 4, 4, 4, 4, 4, 4, 4, 4, 4, 4, 4, 4, 4, 4, 4, 4, 4, 4, 4, 4, 4, 4, 4, 4, 4, 4, 4, 4, 4, 4, 4, 4, 4, 4, 4, 4, 4, 4, 4, 4, 4, 4, 4, 4, 4, 4, 4, 4, 4, 4, 4, 4, 4, 4, 4, 4, 4, 4, 4, 4, 4, 4, 4, 4, 4, 4, 4, 4, 4, 4, 4, 4, 4, 4, 4, 4, 4, 4, 4, 4, 4, 4, 4, 4, 4, 4, 4, 4, 4, 4, 4, 4, 4, 4, 4, 4, 4, 4, 4, 4, 4, 4, 4, 4, 4, 4, 4, 4, 4, 4, 4, 4, 4, 4, 4, 4, 4, 4, 4, 4, 4, 4, 4, 4, 4, 4, 4, 4, 4, 4, 4, 4, 4, 4, 4, 4, 4, 4, 4, 4, 4, 4, 4, 4, 4, 4, 4, 4, 4, 4, 4, 4, 4, 4, 4, 4, 4, 4, 4, 4, 4, 4, 4, 4, 4, 4, 4, 4, 4, 4, 4, 4, 4, 4, 4, 4, 4, 4, 4, 4, 4, 4, 4, 4, 4, 4, 4, 4, 4, 4, 4, 4, 4, 4, 4, 4, 4, 4, 4, 4, 4, 4, 4, 4, 4, 4, 4, 4, 4, 4, 4, 4, 4, 4, 4, 4, 4, 4, 4, 4, 4, 4, 4, 4, 4, 4, 4, 4, 4, 4, 4, 4, 4, 4, 4, 4, 4, 4, 4, 4, 4, 4, 4, 4, 4, 4, 4, 4, 4, 4, 4, 4, 4, 4, 4, 4, 4, 4, 4, 4, 4, 4, 4, 4, 4, 4, 4, 4]
prediction:   [0, 1, 0, 0, 0, 0, 0, 1, 2, 0, 0, 0, 0, 1, 2, 0, 1, 2, 0, 0, 0, 1, 0, 0, 2, 0, 0, 1, 0, 0, 1, 0, 0, 0, 0, 1, 1, 0, 0, 0, 1, 0, 0, 0, 3, 0, 0, 0, 0, 0, 0, 2, 2, 0, 0, 2, 0, 0, 0, 1, 1, 3, 0, 0, 0, 0, 0, 0, 0, 0, 0, 0, 1, 1, 0, 0, 3, 1, 0, 0, 1, 1, 1, 0, 0, 0, 0, 0, 0, 0, 1, 1, 0, 0, 0, 0, 1, 1, 1, 0, 0, 2, 0, 0, 1, 0, 0, 0, 1, 0, 1, 1, 0, 2, 0, 0, 1, 0, 0, 1, 1, 0, 0, 0, 0, 0, 0, 0, 0, 0, 0, 0, 0, 0, 0, 0, 1, 0, 0, 0, 0, 0, 0, 0, 0, 1, 0, 0, 0, 0, 0, 1, 0, 0, 1, 0, 0, 0, 0, 1, 3, 1, 1, 0, 0, 3, 0, 0, 0, 0, 1, 0, 1, 0, 1, 0, 0, 1, 1, 0, 0, 0, 0, 0, 2, 0, 0, 0, 1, 2, 0, 1, 0, 0, 1, 1, 2, 2, 1, 0, 0, 0, 0, 1, 0, 0, 0, 0, 0, 0, 1, 1, 0, 0, 2, 0, 0, 0, 0, 1, 1, 1, 0, 0, 0, 0, 0, 0, 0, 2, 0, 0, 0, 1, 1, 0, 0, 1, 1, 0, 0, 0, 0, 0, 0, 0, 1, 0, 1, 1, 0, 0, 0, 0, 0, 0, 0, 0, 0, 0, 0, 0, 0, 0, 0, 1, 0, 1, 0, 0, 0, 0, 0, 0, 0, 0, 0, 0, 0, 0, 2, 1, 0, 0, 1, 1, 0, 3, 0, 0, 0, 0, 0, 3, 0, 1, 0, 2, 1, 1, 1, 0, 0, 1, 2, 2, 0, 0, 1, 0, 2, 0, 1, 0, 0, 0, 0, 0, 2, 0, 2, 1, 0, 0, 0, 0, 0, 0, 0, 0, 0, 1, 2, 2, 0, 0, 1, 0, 1, 0, 0, 0, 1, 3, 0, 0, 2, 1, 0, 0, 2, 0, 0, 2, 0, 0, 0, 0, 0, 0, 0, 0, 0, 1, 0, 0, 0, 0, 0, 0, 0, 2, 1, 0, 0, 0, 0, 1, 1, 0, 0, 0, 1, 0, 0, 0, 0, 0, 1, 0, 1, 0, 0, 2, 0, 0, 1, 0, 0, 2, 0, 1, 1, 1, 2, 2, 0, 2, 1, 2, 0, 1, 2, 2, 1, 2, 0, 1, 2, 2, 2, 1, 2, 2, 2, 2, 0, 2, 1, 2, 2, 1, 0, 0, 0, 0, 1, 1, 2, 1, 2, 1, 0, 0, 2, 2, 0, 2, 2, 2, 1, 1, 2, 2, 0, 2, 2, 2, 1, 0, 1, 1, 2, 0, 0, 0, 0, 0, 1, 2, 1, 0, 0, 1, 1, 2, 0, 1, 1, 0, 1, 1, 1, 1, 1, 2, 0, 1, 0, 2, 0, 1, 1, 1, 0, 0, 2, 1, 1, 1, 2, 2, 2, 1, 2, 2, 0, 2, 0, 1, 1]

----------------------------TEST----------------------------


Epochs: 5             | Train Loss:  0.015             | Train Accuracy:  0.994             | Val Loss:  3.160             | Val Accuracy:  0.299



[[  0   0   0   0]
 [  0   0   0   0]
 [  0   0   0   0]
 [306 126  71   8]]
              precision    recall  f1-score   support

           0       0.00      0.00      0.00         0
           1       0.00      0.00      0.00         0
           2       0.00      0.00      0.00         0
           3       1.00      0.02      0.03       511

    accuracy                           0.02       511
   macro avg       0.25      0.00      0.01       511
weighted avg       1.00      0.02      0.03       511

ground truth: [3, 3, 3, 3, 3, 3, 3, 3, 3, 3, 3, 3, 3, 3, 3, 3, 3, 3, 3, 3, 3, 3, 3, 3, 3, 3, 3, 3, 3, 3, 3, 3, 3, 3, 3, 3, 3, 3, 3, 3, 3, 3, 3, 3, 3, 3, 3, 3, 3, 3, 3, 3, 3, 3, 3, 3, 3, 3, 3, 3, 3, 3, 3, 3, 3, 3, 3, 3, 3, 3, 3, 3, 3, 3, 3, 3, 3, 3, 3, 3, 3, 3, 3, 3, 3, 3, 3, 3, 3, 3, 3, 3, 3, 3, 3, 3, 3, 3, 3, 3, 3, 3, 3, 3, 3, 3, 3, 3, 3, 3, 3, 3, 3, 3, 3, 3, 3, 3, 3, 3, 3, 3, 3, 3, 3, 3, 3, 3, 3, 3, 3, 3, 3, 3, 3, 3, 3, 3, 3, 3, 3, 3, 3, 3, 3, 3, 3, 3, 3, 3, 3, 3, 3, 3, 3, 3, 3, 3, 3, 3, 3, 3, 3, 3, 3, 3, 3, 3, 3, 3, 3, 3, 3, 3, 3, 3, 3, 3, 3, 3, 3, 3, 3, 3, 3, 3, 3, 3, 3, 3, 3, 3, 3, 3, 3, 3, 3, 3, 3, 3, 3, 3, 3, 3, 3, 3, 3, 3, 3, 3, 3, 3, 3, 3, 3, 3, 3, 3, 3, 3, 3, 3, 3, 3, 3, 3, 3, 3, 3, 3, 3, 3, 3, 3, 3, 3, 3, 3, 3, 3, 3, 3, 3, 3, 3, 3, 3, 3, 3, 3, 3, 3, 3, 3, 3, 3, 3, 3, 3, 3, 3, 3, 3, 3, 3, 3, 3, 3, 3, 3, 3, 3, 3, 3, 3, 3, 3, 3, 3, 3, 3, 3, 3, 3, 3, 3, 3, 3, 3, 3, 3, 3, 3, 3, 3, 3, 3, 3, 3, 3, 3, 3, 3, 3, 3, 3, 3, 3, 3, 3, 3, 3, 3, 3, 3, 3, 3, 3, 3, 3, 3, 3, 3, 3, 3, 3, 3, 3, 3, 3, 3, 3, 3, 3, 3, 3, 3, 3, 3, 3, 3, 3, 3, 3, 3, 3, 3, 3, 3, 3, 3, 3, 3, 3, 3, 3, 3, 3, 3, 3, 3, 3, 3, 3, 3, 3, 3, 3, 3, 3, 3, 3, 3, 3, 3, 3, 3, 3, 3, 3, 3, 3, 3, 3, 3, 3, 3, 3, 3, 3, 3, 3, 3, 3, 3, 3, 3, 3, 3, 3, 3, 3, 3, 3, 3, 3, 3, 3, 3, 3, 3, 3, 3, 3, 3, 3, 3, 3, 3, 3, 3, 3, 3, 3, 3, 3, 3, 3, 3, 3, 3, 3, 3, 3, 3, 3, 3, 3, 3, 3, 3, 3, 3, 3, 3, 3, 3, 3, 3, 3, 3, 3, 3, 3, 3, 3, 3, 3, 3, 3, 3, 3, 3, 3, 3, 3, 3, 3, 3, 3, 3, 3, 3, 3, 3, 3, 3, 3, 3, 3, 3, 3, 3, 3, 3, 3, 3, 3, 3, 3, 3, 3, 3, 3, 3, 3, 3, 3, 3, 3, 3, 3, 3, 3, 3, 3, 3, 3, 3, 3, 3]
prediction:   [0, 1, 0, 0, 0, 0, 0, 1, 2, 0, 0, 0, 0, 1, 2, 0, 1, 2, 0, 0, 0, 1, 0, 0, 2, 0, 0, 1, 0, 0, 1, 0, 0, 0, 0, 1, 1, 0, 0, 0, 1, 0, 0, 0, 3, 0, 0, 0, 0, 0, 0, 2, 2, 0, 0, 2, 0, 0, 0, 1, 1, 3, 0, 0, 0, 0, 0, 0, 0, 0, 0, 0, 1, 1, 0, 0, 3, 1, 0, 0, 1, 1, 1, 0, 0, 0, 0, 0, 0, 0, 1, 1, 0, 0, 0, 0, 1, 1, 1, 0, 0, 2, 0, 0, 1, 0, 0, 0, 1, 0, 1, 1, 0, 2, 0, 0, 1, 0, 0, 1, 1, 0, 0, 0, 0, 0, 0, 0, 0, 0, 0, 0, 0, 0, 0, 0, 1, 0, 0, 0, 0, 0, 0, 0, 0, 1, 0, 0, 0, 0, 0, 1, 0, 0, 1, 0, 0, 0, 0, 1, 3, 1, 1, 0, 0, 3, 0, 0, 0, 0, 1, 0, 1, 0, 1, 0, 0, 1, 1, 0, 0, 0, 0, 0, 2, 0, 0, 0, 1, 2, 0, 1, 0, 0, 1, 1, 2, 2, 1, 0, 0, 0, 0, 1, 0, 0, 0, 0, 0, 0, 1, 1, 0, 0, 2, 0, 0, 0, 0, 1, 1, 1, 0, 0, 0, 0, 0, 0, 0, 2, 0, 0, 0, 1, 1, 0, 0, 1, 1, 0, 0, 0, 0, 0, 0, 0, 1, 0, 1, 1, 0, 0, 0, 0, 0, 0, 0, 0, 0, 0, 0, 0, 0, 0, 0, 1, 0, 1, 0, 0, 0, 0, 0, 0, 0, 0, 0, 0, 0, 0, 2, 1, 0, 0, 1, 1, 0, 3, 0, 0, 0, 0, 0, 3, 0, 1, 0, 2, 1, 1, 1, 0, 0, 1, 2, 2, 0, 0, 1, 0, 2, 0, 1, 0, 0, 0, 0, 0, 2, 0, 2, 1, 0, 0, 0, 0, 0, 0, 0, 0, 0, 1, 2, 2, 0, 0, 1, 0, 1, 0, 0, 0, 1, 3, 0, 0, 2, 1, 0, 0, 2, 0, 0, 2, 0, 0, 0, 0, 0, 0, 0, 0, 0, 1, 0, 0, 0, 0, 0, 0, 0, 2, 1, 0, 0, 0, 0, 1, 1, 0, 0, 0, 1, 0, 0, 0, 0, 0, 1, 0, 1, 0, 0, 2, 0, 0, 1, 0, 0, 2, 0, 1, 1, 1, 2, 2, 0, 2, 1, 2, 0, 1, 2, 2, 1, 2, 0, 1, 2, 2, 2, 1, 2, 2, 2, 2, 0, 2, 1, 2, 2, 1, 0, 0, 0, 0, 1, 1, 2, 1, 2, 1, 0, 0, 2, 2, 0, 2, 2, 2, 1, 1, 2, 2, 0, 2, 2, 2, 1, 0, 1, 1, 2, 0, 0, 0, 0, 0, 1, 2, 1, 0, 0, 1, 1, 2, 0, 1, 1, 0, 1, 1, 1, 1, 1, 2, 0, 1, 0, 2, 0, 1, 1, 1, 0, 0, 2, 1, 1, 1, 2, 2, 2, 1, 2, 2, 0, 2, 0, 1, 1]
Test Accuracy:  0.016