PS C:\Users\styll\OneDrive\Desktop\ML_ex3\src> python .\lstm_bert.py -a True -lr 2e-5 -e 5 -l 128 bbc

[nltk_data] Downloading package punkt to
[nltk_data]     C:\Users\styll\AppData\Roaming\nltk_data...
[nltk_data]   Package punkt is already up-to-date!
[nltk_data] Downloading package wordnet to
[nltk_data]     C:\Users\styll\AppData\Roaming\nltk_data...
[nltk_data]   Package wordnet is already up-to-date!
[nltk_data] Downloading package stopwords to
[nltk_data]     C:\Users\styll\AppData\Roaming\nltk_data...
[nltk_data]   Package stopwords is already up-to-date!

sport            511
business         510
politics         417
tech             401
entertainment    386
Name: category, dtype: int64
entertainment    511
sport            511
politics         511
tech             511
business         511
Name: category, dtype: int64

{'entertainment': 1, 'sport': 3, 'politics': 2, 'tech': 4, 'business': 0}

        category                                               text  label
0  entertainment  new media battle bafta awards bbc leads nomina...      1
1          sport  henman hopes ended dubai third seed tim henman...      3
2       politics  election could terror target terrorists might ...      2
3           tech  new consoles promise big problems making games...      4
4          sport  fit-again betsen france squad france brought f...      3

Initializing Tokenizer...

Some weights of the model checkpoint at bert-base-uncased were not used when initializing BertModel: ['cls.predictions.transform.LayerNorm.weight', 'cls.predictions.bias', 'cls.predictions.transform.dense.bias', 'cls.predictions.transform.LayerNorm.bias', 'cls.seq_relationship.bias', 'cls.predictions.transform.dense.weight', 'cls.seq_relationship.weight']
- This IS expected if you are initializing BertModel from the checkpoint of a model trained on another task or with another architecture (e.g. initializing a BertForSequenceClassification model from a BertForPreTraining model).
- This IS NOT expected if you are initializing BertModel from the checkpoint of a model that you expect to be exactly identical (initializing a BertForSequenceClassification model from a BertForSequenceClassification model).
2044 2044
511 511

Some weights of the model checkpoint at bert-base-uncased were not used when initializing BertModel: ['cls.predictions.transform.LayerNorm.weight', 'cls.predictions.bias', 'cls.predictions.transform.dense.bias', 'cls.predictions.transform.LayerNorm.bias', 'cls.seq_relationship.bias', 'cls.predictions.transform.dense.weight', 'cls.seq_relationship.weight']
- This IS expected if you are initializing BertModel from the checkpoint of a model trained on another task or with another architecture (e.g. initializing a BertForSequenceClassification model from a BertForPreTraining model).
- This IS NOT expected if you are initializing BertModel from the checkpoint of a model that you expect to be exactly identical (initializing a BertForSequenceClassification model from a BertForSequenceClassification model).

100%|████████████████████████████████████████████████████████████████████████████████████████████████████████████████████████████████████████████████████████████████████████████████████████████████████████████████████████████████████████████████| 64/64 [1:09:39<00:00, 65.30s/it]


----------------------------TRAIN----------------------------

[[350   2  24  11  16]
 [ 19 336  36   2  12]
 [ 24   1 361   2  10]
 [ 18   3  20 370   2]
 [ 25   9  32   4 355]]
              precision    recall  f1-score   support

           0       0.80      0.87      0.83       403
           1       0.96      0.83      0.89       405
           2       0.76      0.91      0.83       398
           3       0.95      0.90      0.92       413
           4       0.90      0.84      0.87       425

    accuracy                           0.87      2044
   macro avg       0.87      0.87      0.87      2044
weighted avg       0.88      0.87      0.87      2044


ground truth: [2, 2, 4, 1, 3, 3, 2, 0, 4, 4, 1, 4, 2, 0, 0, 0, 3, 0, 0, 0, 4, 2, 3, 2, 4, 0, 0, 3, 1, 3, 1, 1, 1, 0, 2, 0, 4, 3, 1, 2, 4, 1, 4, 3, 4, 0, 2, 0, 0, 0, 4, 1, 2, 3, 2, 2, 3, 1, 3, 0, 2, 1, 3, 1, 1, 0, 1, 2, 1, 3, 1, 1, 0, 2, 0, 0, 2, 1, 0, 3, 2, 1, 3, 1, 4, 3, 3, 1, 0, 2, 3, 2, 2, 1, 0, 4, 2, 2, 4, 1, 4, 4, 4, 4, 0, 3, 2, 2, 2, 0, 3, 3, 0, 3, 0, 3, 3, 0, 4, 0, 0, 0, 3, 2, 0, 0, 1, 4, 3, 1, 2, 1, 3, 2, 4, 2, 4, 2, 4, 4, 0, 2, 4, 0, 3, 3, 2, 2, 3, 2, 3, 0, 1, 2, 3, 2, 3, 4, 4, 1, 1, 1, 1, 1, 4, 2, 1, 0, 1, 4, 2, 0, 2, 3, 3, 3, 2, 0, 1, 2, 1, 0, 4, 2, 1, 1, 3, 0, 0, 2, 3, 3, 3, 3, 1, 4, 3, 4, 3, 4, 1, 1, 0, 4, 1, 3, 1, 4, 3, 1, 2, 1, 4, 3, 1, 2, 1, 2, 0, 4, 0, 0, 1, 1, 0, 4, 4, 4, 0, 2, 4, 0, 1, 4, 1, 0, 1, 3, 2, 0, 4, 1, 4, 4, 3, 4, 2, 2, 2, 4, 2, 0, 3, 3, 3, 3, 4, 3, 2, 1, 1, 1, 1, 3, 4, 1, 4, 2, 1, 4, 3, 1, 3, 1, 3, 2, 4, 1, 2, 4, 2, 2, 3, 0, 4, 2, 1, 4, 4, 1, 3, 2, 3, 4, 1, 1, 4, 3, 2, 4, 0, 3, 4, 0, 3, 0, 4, 4, 4, 2, 0, 3, 2, 2, 2, 3, 0, 1, 3, 2, 1, 0, 3, 3, 0, 1, 4, 2, 2, 2, 3, 4, 1, 4, 4, 4, 4, 4, 2, 2, 2, 0, 3, 2, 0, 2, 3, 3, 0, 2, 2, 2, 4, 2, 4, 0, 3, 2, 3, 2, 2, 4, 3, 2, 0, 4, 1, 4, 1, 0, 0, 1, 4, 1, 1, 4, 3, 3, 2, 3, 1, 2, 4, 3, 3, 0, 1, 2, 1, 3, 1, 3, 1, 0, 4, 0, 1, 2, 2, 4, 4, 3, 2, 4, 3, 0, 3, 0, 3, 3, 4, 4, 0, 0, 2, 1, 3, 4, 4, 3, 0, 4, 2, 1, 1, 3, 0, 4, 4, 3, 2, 1, 4, 3, 1, 3, 3, 4, 1, 4, 0, 1, 1, 2, 2, 0, 3, 2, 3, 3, 1, 3, 3, 4, 1, 0, 1, 4, 3, 4, 4, 2, 1, 3, 0, 0, 2, 2, 4, 3, 2, 2, 4, 4, 4, 4, 4, 4, 1, 1, 1, 0, 0, 0, 3, 1, 0, 0, 2, 0, 0, 1, 1, 3, 2, 4, 4, 2, 1, 2, 3, 2, 1, 2, 2, 1, 4, 3, 1, 4, 1, 0, 0, 2, 0, 1, 2, 4, 1, 1, 3, 2, 3, 2, 0, 2, 3, 2, 2, 4, 1, 2, 1, 0, 1, 2, 0, 2, 4, 2, 4, 3, 4, 0, 1, 3, 1, 2, 3, 0, 3, 3, 2, 3, 3, 4, 2, 4, 3, 0, 2, 3, 4, 2, 1, 0, 1, 2, 2, 3, 1, 0, 3, 0, 0, 0, 0, 2, 1, 4, 3, 1, 0, 3, 1, 1, 3, 1, 2, 3, 3, 0, 0, 4, 1, 3, 2, 4, 2, 0, 1, 1, 3, 0, 4, 3, 4, 3, 4, 3, 0, 3, 1, 4, 3, 1, 3, 1, 1, 0, 3, 4, 3, 2, 4, 3, 1, 1, 4, 2, 0, 1, 0, 4, 3, 4, 4, 4, 0, 4, 0, 3, 0, 1, 0, 2, 4, 1, 0, 0, 3, 0, 4, 1, 0, 2, 3, 1, 4, 0, 2, 3, 2, 2, 3, 3, 4, 4, 1, 3, 2, 4, 0, 2, 2, 1, 3, 1, 1, 0, 3, 2, 0, 1, 3, 4, 0, 3, 1, 4, 2, 3, 2, 0, 2, 4, 2, 0, 2, 2, 0, 1, 0, 4, 3, 0, 3, 2, 2, 2, 0, 4, 3, 3, 4, 1, 3, 1, 2, 1, 0, 0, 4, 1, 0, 4, 4, 1, 4, 4, 0, 4, 2, 3, 0, 1, 2, 0, 0, 2, 0, 4, 0, 2, 4, 2, 4, 3, 2, 0, 3, 4, 1, 2, 4, 4, 2, 2, 4, 2, 1, 0, 2, 4, 1, 4, 2, 4, 3, 1, 2, 2, 1, 2, 2, 2, 0, 2, 0, 2, 4, 2, 1, 2, 3, 4, 2, 3, 1, 2, 2, 2, 1, 1, 0, 4, 1, 3, 2, 1, 1, 2, 1, 2, 3, 1, 0, 0, 2, 0, 4, 0, 0, 4, 3, 2, 1, 4, 1, 2, 3, 1, 3, 2, 4, 1, 2, 1, 4, 4, 1, 0, 4, 0, 1, 3, 3, 1, 2, 3, 3, 2, 4, 0, 3, 0, 0, 1, 1, 1, 3, 3, 4, 4, 2, 0, 2, 2, 4, 0, 4, 2, 2, 3, 3, 0, 3, 4, 0, 4, 0, 0, 0, 2, 2, 4, 4, 0, 1, 3, 1, 1, 3, 0, 4, 4, 4, 4, 1, 3, 1, 2, 3, 4, 1, 2, 1, 2, 4, 1, 1, 4, 4, 3, 1, 2, 4, 1, 4, 4, 0, 0, 4, 3, 0, 4, 1, 1, 4, 3, 1, 3, 3, 1, 0, 0, 2, 4, 0, 0, 2, 1, 3, 4, 2, 4, 1, 3, 3, 4, 0, 3, 1, 3, 0, 2, 2, 4, 2, 3, 2, 0, 0, 0, 0, 0, 4, 0, 1, 0, 2, 2, 4, 2, 0, 2, 0, 3, 4, 4, 4, 1, 4, 4, 4, 2, 4, 3, 0, 0, 3, 4, 3, 2, 2, 0, 1, 4, 1, 4, 2, 0, 1, 3, 1, 1, 2, 2, 0, 2, 1, 3, 2, 0, 0, 0, 1, 3, 3, 0, 4, 4, 0, 2, 4, 1, 4, 3, 2, 0, 1, 1, 4, 1, 4, 1, 2, 3, 3, 3, 0, 0, 4, 2, 0, 0, 4, 1, 4, 0, 2, 2, 1, 4, 1, 1, 0, 1, 4, 2, 4, 1, 3, 4, 0, 2, 0, 4, 3, 1, 2, 0, 0, 1, 0, 0, 0, 4, 2, 0, 0, 1, 1, 3, 2, 0, 2, 2, 1, 1, 3, 1, 0, 2, 3, 3, 3, 3, 1, 4, 3, 1, 0, 3, 3, 2, 0, 0, 0, 4, 1, 0, 3, 3, 0, 0, 0, 1, 4, 2, 2, 4, 1, 3, 2, 4, 0, 2, 3, 3, 1, 2, 0, 4, 4, 2, 1, 2, 1, 4, 4, 0, 0, 1, 3, 0, 4, 3, 2, 1, 1, 4, 3, 3, 4, 3, 1, 1, 3, 2, 2, 2, 2, 1, 2, 4, 2, 1, 1, 4, 3, 3, 4, 1, 2, 2, 0, 2, 4, 2, 1, 1, 0, 3, 0, 2, 0, 0, 2, 1, 1, 1, 3, 4, 4, 4, 3, 1, 4, 0, 4, 3, 1, 1, 2, 4, 2, 1, 4, 1, 0, 2, 1, 0, 0, 3, 2, 0, 3, 0, 1, 0, 2, 0, 4, 3, 3, 4, 0, 0, 4, 3, 1, 3, 4, 4, 4, 2, 2, 1, 4, 0, 1, 0, 1, 0, 1, 0, 1, 3, 2, 3, 4, 3, 4, 2, 4, 3, 1, 3, 0, 1, 3, 3, 1, 2, 3, 2, 1, 1, 2, 3, 2, 2, 0, 0, 3, 2, 0, 1, 2, 4, 4, 3, 0, 3, 0, 3, 4, 0, 3, 1, 0, 1, 2, 3, 1, 1, 4, 4, 3, 0, 4, 3, 1, 3, 4, 2, 1, 0, 1, 2, 2, 2, 3, 1, 3, 4, 1, 1, 1, 1, 0, 2, 2, 4, 1, 2, 0, 1, 3, 3, 3, 4, 4, 2, 2, 2, 2, 0, 4, 0, 0, 2, 2, 3, 4, 3, 3, 0, 4, 4, 4, 0, 3, 1, 1, 3, 4, 2, 4, 3, 1, 0, 3, 0, 1, 4, 2, 3, 0, 1, 4, 3, 0, 3, 0, 3, 4, 1, 3, 4, 3, 0, 1, 0, 2, 2, 2, 2, 2, 2, 3, 0, 3, 4, 1, 0, 1, 3, 3, 2, 2, 1, 4, 3, 0, 2, 3, 1, 4, 4, 3, 0, 0, 0, 3, 3, 1, 0, 1, 3, 4, 4, 2, 2, 1, 2, 3, 2, 4, 1, 3, 3, 2, 4, 0, 0, 4, 2, 1, 0, 3, 1, 2, 2, 3, 2, 2, 1, 1, 2, 1, 1, 1, 2, 3, 4, 0, 2, 1, 3, 2, 3, 4, 2, 1, 2, 4, 0, 2, 4, 2, 1, 3, 4, 3, 0, 0, 0, 4, 3, 3, 3, 2, 2, 4, 4, 3, 3, 1, 4, 2, 2, 3, 0, 4, 1, 3, 4, 1, 0, 1, 2, 0, 0, 3, 4, 4, 1, 1, 4, 3, 3, 2, 2, 4, 2, 2, 2, 0, 2, 3, 1, 4, 4, 0, 3, 0, 2, 4, 1, 4, 2, 4, 1, 1, 3, 3, 4, 4, 2, 2, 3, 3, 3, 0, 1, 0, 0, 1, 2, 4, 4, 1, 2, 4, 2, 1, 1, 4, 4, 2, 3, 1, 4, 3, 2, 4, 3, 1, 4, 0, 3, 1, 3, 2, 2, 3, 0, 0, 4, 0, 2, 2, 1, 0, 1, 1, 2, 3, 1, 4, 4, 4, 4, 1, 4, 1, 3, 1, 0, 3, 4, 2, 0, 0, 0, 1, 4, 3, 1, 2, 2, 1, 4, 3, 3, 1, 3, 4, 1, 0, 0, 3, 3, 3, 4, 4, 0, 4, 0, 1, 2, 1, 1, 1, 2, 0, 1, 0, 3, 0, 0, 4, 4, 4, 0, 3, 3, 4, 3, 1, 4, 4, 4, 1, 4, 4, 4, 3, 2, 2, 0, 3, 3, 3, 0, 0, 3, 2, 0, 4, 3, 4, 0, 4, 3, 1, 2, 4, 1, 3, 3, 1, 3, 4, 1, 0, 4, 2, 3, 0, 0, 0, 4, 4, 2, 0, 4, 0, 4, 0, 4, 3, 1, 0, 0, 4, 4, 4, 0, 3, 0, 1, 3, 0, 4, 2, 3, 2, 1, 0, 0, 4, 0, 4, 4, 1, 2, 4, 4, 1, 1, 4, 0, 0, 3, 4, 1, 0, 4, 3, 2, 0, 0, 0, 4, 2, 0, 4, 3, 1, 1, 2, 4, 3, 1, 0, 1, 1, 2, 2, 0, 2, 2, 1, 4, 0, 3, 2, 3, 1, 3, 4, 0, 3, 4, 1, 0, 3, 3, 4, 1, 3, 0, 4, 3, 4, 1, 0, 4, 4, 2, 3, 3, 2, 2, 4, 3, 2, 2, 0, 4, 4, 1, 4, 4, 4, 3, 3, 3, 2, 3, 2, 3, 2, 0, 0, 0, 1, 0, 2, 4, 0, 1, 4, 4, 1, 3, 1, 3, 2, 4, 0, 0, 0, 1, 2, 3, 2, 4, 4, 2, 3, 0, 2, 3, 1, 2, 3, 2, 4, 4, 3, 1, 0, 2, 0, 4, 4, 4, 4, 1, 0, 4, 0, 2, 4, 2, 3, 4, 1, 1, 4, 0, 2, 3, 4, 0, 3, 0, 2, 0, 0, 3, 1, 3, 0, 1, 3, 4, 3, 3, 1, 1, 0, 2, 3, 1, 3, 1, 1, 3, 1, 3, 2, 1, 1, 3, 0, 3, 0, 0, 2, 0, 3, 2, 1, 4, 3, 0, 4, 0, 2, 1, 4, 1, 2, 4, 2, 3, 0, 4, 1, 0, 1, 0, 4, 2, 2, 1, 2, 3, 3, 4, 1, 2, 3, 0, 1, 2, 0, 4, 2, 0, 0, 2, 3, 4, 1, 3, 3, 4, 0, 4, 3, 3, 1, 0, 2, 2, 0, 4, 4, 1, 1, 0, 1, 1, 3, 0, 3, 0, 0, 1, 3, 4, 0, 1, 2, 2, 2, 0, 1, 0, 0, 3, 1, 1, 3, 0, 3, 2, 3, 1, 0, 0, 4, 1, 1, 4, 4, 0, 2, 0, 0, 3, 0, 4, 0, 3, 4, 4, 4, 3, 3, 3, 0, 1, 1, 3, 3, 3, 1, 0, 1, 0, 4, 3, 4, 4, 1, 0, 4, 4, 4, 0, 2, 1, 0, 3, 1, 0]
prediction:   [2, 2, 2, 2, 2, 2, 2, 2, 3, 2, 2, 2, 3, 3, 2, 2, 2, 3, 1, 3, 3, 2, 2, 4, 3, 3, 3, 2, 2, 3, 2, 2, 2, 2, 2, 2, 2, 0, 2, 2, 2, 2, 0, 2, 4, 2, 2, 4, 0, 0, 2, 2, 0, 2, 2, 0, 2, 2, 2, 2, 2, 2, 3, 0, 0, 0, 0, 2, 0, 0, 2, 2, 0, 2, 0, 0, 0, 0, 0, 2, 2, 2, 0, 0, 0, 2, 2, 2, 2, 0, 2, 2, 0, 0, 0, 4, 2, 2, 2, 0, 0, 0, 0, 2, 0, 0, 0, 0, 0, 0, 0, 0, 0, 0, 0, 0, 0, 0, 0, 3, 0, 0, 0, 0, 0, 0, 0, 0, 0, 0, 0, 0, 2, 0, 0, 2, 0, 0, 0, 0, 0, 0, 0, 2, 0, 0, 0, 0, 3, 0, 0, 0, 0, 0, 0, 0, 3, 0, 0, 0, 3, 2, 0, 2, 0, 0, 1, 0, 2, 0, 2, 0, 2, 2, 0, 3, 2, 0, 2, 2, 0, 0, 0, 2, 2, 2, 3, 0, 0, 2, 0, 2, 2, 3, 2, 0, 1, 0, 0, 4, 2, 2, 0, 2, 2, 3, 1, 0, 3, 1, 2, 2, 2, 2, 1, 2, 2, 2, 0, 2, 0, 0, 0, 2, 0, 0, 2, 2, 0, 2, 2, 0, 1, 2, 2, 0, 1, 3, 2, 0, 2, 2, 2, 2, 2, 2, 2, 2, 2, 1, 2, 0, 3, 3, 3, 3, 2, 3, 2, 1, 2, 1, 1, 3, 2, 2, 1, 2, 1, 2, 4, 1, 3, 1, 3, 2, 1, 1, 2, 4, 2, 2, 3, 3, 2, 2, 1, 2, 2, 1, 3, 2, 3, 4, 1, 1, 2, 3, 2, 4, 0, 3, 1, 2, 3, 2, 4, 4, 2, 2, 0, 3, 2, 2, 2, 3, 0, 2, 3, 2, 1, 2, 2, 3, 0, 1, 4, 2, 2, 2, 3, 4, 1, 2, 4, 1, 4, 4, 2, 4, 2, 0, 3, 2, 0, 2, 1, 4, 2, 2, 2, 2, 4, 2, 4, 2, 3, 2, 3, 2, 2, 4, 3, 4, 3, 1, 1, 4, 1, 2, 0, 1, 4, 1, 1, 4, 3, 1, 2, 3, 1, 2, 4, 3, 3, 0, 1, 2, 1, 3, 1, 3, 1, 0, 2, 0, 4, 4, 2, 4, 4, 3, 2, 4, 3, 4, 3, 0, 3, 3, 4, 4, 0, 4, 2, 1, 3, 4, 4, 3, 2, 4, 2, 1, 4, 3, 0, 4, 4, 3, 2, 1, 4, 3, 1, 3, 3, 4, 1, 4, 2, 1, 4, 2, 2, 3, 3, 2, 3, 3, 1, 3, 3, 4, 1, 0, 1, 4, 3, 4, 4, 2, 1, 3, 0, 0, 2, 2, 4, 3, 2, 4, 4, 4, 4, 4, 4, 4, 4, 1, 1, 0, 4, 0, 3, 1, 0, 0, 2, 0, 0, 1, 1, 3, 2, 1, 4, 2, 4, 2, 3, 2, 1, 2, 2, 4, 4, 3, 2, 4, 1, 0, 0, 2, 0, 1, 2, 4, 1, 1, 3, 2, 3, 2, 0, 2, 3, 4, 2, 4, 1, 4, 3, 0, 1, 2, 3, 2, 4, 2, 4, 3, 4, 0, 4, 3, 1, 2, 3, 0, 3, 3, 2, 3, 3, 4, 2, 4, 3, 2, 2, 3, 4, 2, 1, 0, 1, 2, 2, 3, 1, 0, 3, 0, 0, 0, 0, 2, 1, 4, 3, 1, 0, 3, 1, 1, 3, 1, 2, 3, 3, 0, 0, 4, 1, 3, 2, 4, 2, 0, 1, 1, 3, 0, 4, 3, 4, 3, 4, 3, 0, 3, 1, 2, 3, 1, 3, 1, 1, 0, 3, 4, 3, 2, 4, 3, 1, 1, 4, 0, 0, 1, 0, 4, 3, 4, 4, 2, 0, 4, 0, 3, 0, 1, 0, 2, 4, 1, 1, 0, 3, 0, 4, 1, 0, 2, 3, 1, 4, 0, 2, 3, 2, 2, 3, 3, 4, 4, 1, 3, 2, 4, 0, 2, 2, 1, 3, 1, 1, 0, 3, 2, 0, 1, 3, 4, 0, 3, 1, 4, 2, 3, 2, 0, 2, 4, 2, 0, 2, 2, 0, 1, 0, 4, 3, 0, 3, 2, 2, 2, 2, 4, 3, 3, 4, 1, 3, 1, 2, 1, 0, 0, 4, 1, 0, 4, 4, 1, 4, 4, 0, 4, 2, 3, 0, 1, 2, 0, 0, 2, 0, 4, 0, 2, 4, 2, 4, 3, 2, 4, 3, 4, 1, 2, 4, 4, 2, 2, 4, 0, 1, 2, 2, 4, 1, 4, 2, 4, 3, 1, 2, 2, 1, 2, 2, 4, 0, 2, 4, 2, 4, 2, 1, 2, 3, 4, 2, 3, 1, 2, 2, 2, 1, 1, 0, 4, 1, 3, 2, 1, 1, 2, 1, 2, 3, 1, 0, 0, 2, 0, 4, 0, 0, 4, 3, 2, 1, 4, 1, 2, 3, 4, 3, 2, 4, 1, 2, 1, 4, 4, 1, 0, 4, 0, 1, 3, 3, 1, 2, 3, 3, 2, 4, 0, 3, 2, 0, 1, 1, 1, 3, 3, 4, 4, 2, 0, 2, 2, 4, 0, 4, 2, 2, 3, 3, 0, 3, 4, 0, 4, 0, 0, 0, 2, 2, 4, 4, 0, 1, 3, 1, 4, 3, 0, 4, 2, 4, 4, 1, 3, 1, 2, 3, 4, 2, 2, 1, 2, 4, 1, 1, 4, 4, 3, 1, 2, 4, 1, 4, 4, 0, 0, 4, 3, 0, 4, 1, 1, 0, 3, 1, 3, 3, 1, 0, 0, 2, 4, 0, 0, 2, 1, 3, 4, 2, 0, 1, 3, 3, 4, 0, 3, 1, 3, 0, 2, 2, 4, 2, 3, 0, 0, 0, 0, 0, 0, 4, 0, 1, 0, 2, 2, 4, 2, 0, 2, 0, 3, 4, 4, 4, 1, 4, 4, 4, 2, 4, 3, 0, 0, 3, 4, 3, 4, 2, 0, 1, 1, 1, 4, 2, 0, 1, 3, 1, 1, 1, 2, 0, 2, 1, 3, 2, 0, 0, 0, 1, 3, 3, 0, 4, 4, 0, 2, 4, 1, 4, 3, 2, 4, 1, 1, 4, 1, 4, 1, 2, 3, 3, 3, 4, 0, 4, 2, 0, 0, 4, 1, 4, 0, 2, 2, 1, 4, 1, 1, 0, 1, 4, 2, 4, 1, 3, 4, 3, 2, 0, 4, 3, 1, 2, 0, 0, 1, 0, 0, 0, 4, 2, 0, 0, 1, 1, 3, 2, 0, 2, 2, 1, 1, 3, 1, 0, 2, 3, 3, 3, 3, 1, 4, 3, 1, 0, 3, 3, 2, 0, 0, 0, 4, 1, 0, 3, 3, 0, 0, 0, 1, 4, 2, 2, 4, 1, 3, 2, 4, 4, 2, 3, 3, 1, 2, 0, 4, 4, 2, 0, 2, 1, 4, 4, 0, 0, 1, 3, 0, 4, 3, 2, 1, 1, 0, 3, 3, 4, 3, 1, 1, 3, 2, 2, 2, 2, 1, 2, 4, 2, 1, 0, 4, 3, 3, 4, 1, 2, 2, 0, 2, 4, 2, 1, 1, 0, 3, 0, 2, 0, 0, 2, 1, 2, 1, 3, 4, 4, 4, 3, 1, 4, 0, 4, 3, 1, 1, 2, 4, 2, 1, 4, 1, 0, 2, 1, 0, 0, 3, 2, 0, 3, 0, 1, 0, 2, 0, 4, 3, 3, 4, 0, 0, 4, 3, 1, 3, 1, 4, 4, 2, 2, 1, 4, 0, 1, 0, 1, 0, 1, 0, 1, 3, 2, 3, 4, 3, 4, 2, 4, 3, 1, 3, 0, 1, 3, 3, 1, 2, 3, 2, 1, 1, 2, 3, 2, 2, 0, 0, 3, 2, 0, 1, 2, 4, 4, 3, 0, 3, 0, 3, 4, 0, 3, 1, 0, 4, 2, 3, 1, 1, 4, 4, 3, 0, 4, 3, 1, 3, 4, 0, 1, 0, 1, 2, 2, 2, 3, 1, 3, 4, 1, 1, 1, 1, 0, 2, 2, 4, 1, 2, 0, 1, 3, 3, 3, 4, 4, 2, 2, 2, 2, 0, 4, 0, 0, 2, 4, 3, 4, 3, 3, 4, 4, 4, 4, 0, 3, 1, 1, 3, 4, 2, 4, 3, 1, 4, 3, 4, 1, 4, 2, 3, 0, 1, 4, 3, 0, 3, 0, 3, 4, 1, 3, 4, 3, 0, 1, 0, 2, 2, 2, 2, 2, 2, 3, 0, 3, 4, 1, 0, 1, 3, 3, 2, 2, 1, 4, 3, 0, 2, 3, 1, 4, 4, 3, 0, 0, 2, 3, 3, 1, 0, 1, 3, 4, 4, 2, 2, 1, 2, 3, 2, 4, 1, 3, 3, 2, 4, 0, 0, 4, 2, 1, 0, 3, 1, 2, 2, 3, 2, 2, 1, 4, 2, 1, 1, 1, 2, 3, 4, 0, 2, 1, 3, 2, 3, 4, 2, 1, 2, 4, 0, 2, 4, 2, 1, 3, 4, 3, 0, 0, 0, 4, 3, 3, 3, 2, 2, 4, 4, 3, 3, 1, 4, 2, 2, 3, 0, 4, 1, 3, 4, 1, 0, 1, 2, 0, 0, 3, 4, 4, 1, 1, 4, 3, 3, 2, 2, 4, 2, 2, 2, 0, 2, 3, 1, 4, 4, 0, 3, 0, 2, 4, 1, 4, 2, 4, 1, 1, 3, 3, 4, 4, 2, 2, 3, 3, 3, 0, 1, 0, 0, 1, 2, 3, 4, 1, 2, 4, 2, 1, 1, 4, 4, 2, 3, 1, 4, 3, 2, 4, 3, 1, 4, 2, 3, 1, 3, 2, 2, 3, 0, 0, 4, 0, 2, 2, 1, 0, 1, 1, 2, 3, 1, 0, 4, 4, 4, 1, 4, 1, 3, 1, 0, 3, 4, 2, 2, 0, 0, 1, 4, 3, 1, 2, 2, 1, 4, 3, 3, 1, 3, 4, 1, 0, 0, 3, 3, 3, 4, 4, 0, 4, 0, 1, 2, 1, 1, 1, 2, 0, 1, 0, 3, 0, 0, 4, 4, 4, 0, 3, 3, 4, 3, 1, 4, 4, 4, 1, 4, 4, 4, 3, 2, 2, 0, 3, 3, 3, 0, 4, 3, 2, 0, 4, 3, 4, 0, 4, 3, 1, 2, 4, 1, 3, 3, 1, 3, 4, 1, 0, 4, 2, 3, 0, 0, 0, 4, 4, 2, 4, 4, 0, 4, 0, 4, 3, 1, 0, 4, 4, 4, 4, 0, 3, 0, 1, 3, 0, 4, 2, 3, 2, 1, 0, 0, 4, 0, 4, 4, 1, 2, 4, 4, 1, 1, 4, 0, 0, 3, 4, 1, 0, 4, 3, 2, 0, 0, 0, 4, 2, 0, 4, 3, 1, 1, 3, 4, 3, 1, 0, 1, 1, 2, 2, 0, 2, 2, 1, 4, 0, 3, 2, 3, 1, 3, 4, 4, 3, 4, 1, 0, 3, 3, 4, 1, 3, 0, 4, 3, 4, 1, 0, 4, 4, 2, 3, 3, 2, 2, 4, 3, 2, 2, 0, 4, 4, 1, 4, 4, 4, 3, 3, 3, 2, 3, 2, 3, 2, 0, 0, 0, 1, 0, 2, 4, 0, 1, 4, 4, 1, 3, 1, 3, 2, 4, 0, 0, 0, 1, 2, 3, 2, 4, 4, 2, 3, 0, 2, 3, 1, 2, 3, 2, 4, 4, 3, 1, 0, 0, 0, 4, 4, 4, 4, 1, 0, 4, 0, 2, 4, 2, 3, 4, 1, 1, 4, 0, 2, 3, 4, 0, 3, 0, 2, 0, 0, 3, 1, 3, 0, 1, 3, 4, 3, 3, 1, 1, 0, 2, 3, 1, 3, 1, 1, 3, 1, 3, 2, 1, 1, 3, 0, 3, 0, 0, 2, 0, 3, 2, 1, 4, 3, 0, 4, 0, 2, 1, 4, 4, 2, 4, 2, 3, 0, 4, 1, 0, 1, 0, 4, 2, 2, 1, 2, 3, 3, 4, 1, 2, 3, 0, 1, 2, 0, 4, 2, 0, 0, 2, 3, 4, 1, 3, 3, 4, 0, 4, 3, 3, 1, 0, 2, 2, 0, 4, 4, 1, 0, 0, 1, 1, 3, 0, 3, 0, 0, 1, 3, 4, 0, 1, 2, 2, 2, 0, 1, 0, 0, 3, 1, 1, 3, 0, 3, 2, 3, 1, 0, 0, 4, 1, 1, 4, 4, 0, 2, 0, 0, 3, 0, 4, 0, 3, 4, 4, 4, 3, 3, 3, 0, 1, 1, 3, 3, 3, 1, 0, 1, 0, 4, 3, 4, 4, 1, 0, 4, 4, 4, 0, 2, 1, 0, 3, 1, 0]

----------------------------TRAIN----------------------------


----------------------------TEST----------------------------

[[106   0   1   0   1]
 [  1 104   1   0   0]
 [  5   0 107   0   1]
 [  0   0   1  97   0]
 [  0   1   0   0  85]]
              precision    recall  f1-score   support

           0       0.95      0.98      0.96       108
           1       0.99      0.98      0.99       106
           2       0.97      0.95      0.96       113
           3       1.00      0.99      0.99        98
           4       0.98      0.99      0.98        86

    accuracy                           0.98       511
   macro avg       0.98      0.98      0.98       511
weighted avg       0.98      0.98      0.98       511


ground truth: [3, 4, 1, 3, 1, 0, 0, 2, 3, 2, 2, 2, 0, 4, 4, 2, 0, 4, 1, 2, 3, 1, 1, 4, 4, 3, 4, 2, 3, 1, 1, 2, 2, 3, 1, 1, 2, 3, 1, 3, 0, 0, 4, 0, 2, 1, 2, 1, 1, 1, 1, 1, 2, 0, 4, 2, 0, 0, 2, 4, 4, 4, 2, 2, 4, 1, 2, 3, 0, 2, 1, 3, 0, 3, 4, 2, 2, 0, 3, 1, 3, 0, 0, 4, 1, 3, 0, 0, 4, 4, 3, 2, 4, 2, 0, 3, 4, 4, 1, 1, 1, 2, 2, 2, 3, 2, 3, 0, 0, 4, 3, 4, 0, 1, 0, 2, 3, 3, 2, 4, 2, 1, 3, 0, 1, 2, 0, 3, 2, 0, 1, 2, 0, 3, 4, 0, 1, 0, 1, 0, 4, 0, 1, 1, 0, 0, 2, 3, 0, 3, 1, 2, 4, 0, 2, 3, 1, 3, 0, 4, 0, 2, 2, 2, 0, 4, 4, 4, 0, 0, 0, 1, 1, 4, 3, 1, 0, 0, 3, 2, 1, 0, 4, 0, 3, 3, 0, 1, 1, 3, 0, 4, 4, 0, 4, 2, 0, 0, 3, 3, 0, 3, 2, 4, 0, 1, 4, 3, 0, 2, 1, 0, 3, 3, 2, 4, 2, 3, 0, 4, 1, 0, 0, 0, 4, 4, 1, 2, 2, 1, 2, 1, 4, 2, 0, 0, 2, 2, 1, 0, 0, 4, 2, 3, 2, 2, 2, 3, 1, 4, 0, 2, 0, 2, 1, 1, 1, 2, 1, 2, 1, 2, 3, 4, 3, 0, 2, 0, 3, 3, 2, 4, 2, 4, 4, 1, 1, 3, 0, 0, 3, 2, 2, 4, 1, 2, 3, 2, 2, 4, 2, 1, 2, 0, 2, 0, 2, 3, 4, 3, 1, 2, 3, 3, 0, 2, 3, 4, 3, 3, 4, 3, 3, 1, 2, 0, 3, 4, 1, 0, 2, 3, 4, 2, 4, 0, 4, 4, 4, 0, 2, 1, 3, 3, 3, 2, 1, 3, 3, 0, 3, 2, 0, 4, 2, 0, 3, 1, 2, 1, 3, 1, 2, 3, 3, 0, 0, 1, 4, 0, 1, 1, 0, 1, 3, 0, 1, 1, 1, 2, 1, 3, 1, 3, 1, 2, 2, 3, 1, 0, 3, 3, 3, 1, 1, 0, 3, 2, 3, 3, 4, 0, 0, 0, 1, 3, 1, 4, 4, 0, 4, 2, 1, 1, 0, 3, 3, 2, 0, 3, 4, 0, 3, 4, 2, 2, 2, 3, 4, 2, 4, 3, 4, 1, 1, 1, 3, 1, 1, 4, 2, 1, 4, 4, 2, 0, 2, 0, 1, 0, 4, 2, 0, 1, 4, 0, 2, 0, 3, 4, 4, 3, 2, 0, 1, 1, 0, 3, 3, 2, 4, 0, 1, 1, 2, 1, 3, 4, 2, 2, 0, 2, 1, 2, 2, 0, 1, 1, 3, 0, 4, 3, 0, 2, 1, 4, 0, 2, 4, 4, 1, 2, 0, 1, 2, 1, 2, 0, 3, 4, 2, 1, 4, 1, 4, 2, 3, 1, 1, 1, 0]
prediction:   [3, 4, 1, 3, 1, 0, 0, 2, 3, 2, 2, 2, 0, 4, 4, 2, 0, 4, 1, 2, 3, 1, 1, 4, 4, 3, 4, 2, 3, 1, 1, 2, 2, 3, 1, 1, 2, 3, 1, 3, 0, 0, 4, 0, 2, 1, 2, 0, 1, 1, 1, 1, 2, 0, 4, 2, 0, 0, 2, 4, 4, 4, 2, 2, 4, 1, 4, 3, 0, 2, 1, 3, 0, 3, 4, 0, 2, 4, 3, 1, 3, 0, 0, 1, 1, 3, 0, 0, 4, 4, 3, 2, 4, 0, 0, 3, 4, 4, 1, 1, 1, 2, 2, 2, 3, 2, 3, 0, 0, 4, 3, 4, 0, 1, 0, 2, 3, 3, 2, 4, 2, 1, 3, 0, 1, 2, 0, 3, 2, 0, 1, 2, 0, 3, 4, 0, 1, 0, 1, 0, 4, 0, 1, 1, 0, 0, 2, 3, 0, 3, 1, 2, 4, 0, 2, 3, 1, 3, 0, 4, 0, 2, 2, 0, 0, 4, 4, 4, 0, 0, 0, 2, 1, 4, 3, 1, 0, 0, 3, 2, 1, 0, 4, 0, 3, 3, 0, 1, 1, 3, 0, 4, 4, 0, 4, 2, 0, 0, 3, 3, 0, 3, 2, 4, 0, 1, 4, 3, 0, 2, 1, 0, 3, 3, 2, 4, 2, 3, 0, 4, 1, 0, 0, 0, 4, 4, 1, 2, 2, 1, 2, 1, 4, 2, 0, 0, 0, 2, 1, 0, 0, 4, 2, 3, 2, 2, 2, 3, 1, 4, 0, 2, 0, 2, 1, 1, 1, 2, 1, 2, 1, 2, 3, 4, 3, 0, 2, 0, 3, 3, 2, 4, 2, 4, 4, 1, 1, 3, 0, 0, 3, 2, 2, 4, 1, 2, 2, 2, 2, 4, 2, 1, 2, 0, 2, 0, 2, 3, 4, 3, 1, 2, 3, 3, 0, 2, 3, 4, 3, 3, 4, 3, 3, 1, 2, 0, 3, 4, 1, 0, 2, 3, 4, 2, 4, 0, 4, 4, 4, 0, 2, 1, 3, 3, 3, 2, 1, 3, 3, 0, 3, 2, 0, 4, 2, 0, 3, 1, 2, 1, 3, 1, 2, 3, 3, 0, 0, 1, 4, 0, 1, 1, 0, 1, 3, 0, 1, 1, 1, 2, 1, 3, 1, 3, 1, 2, 2, 3, 1, 0, 3, 3, 3, 1, 1, 2, 3, 2, 3, 3, 4, 0, 0, 0, 1, 3, 1, 4, 4, 0, 4, 2, 1, 1, 0, 3, 3, 2, 0, 3, 4, 0, 3, 4, 2, 2, 2, 3, 4, 2, 4, 3, 4, 1, 1, 1, 3, 1, 1, 4, 2, 1, 4, 4, 2, 0, 2, 0, 1, 0, 4, 2, 0, 1, 4, 0, 2, 0, 3, 4, 4, 3, 2, 0, 1, 1, 0, 3, 3, 2, 4, 0, 1, 1, 2, 1, 3, 4, 2, 2, 0, 2, 1, 2, 2, 0, 1, 1, 3, 0, 4, 3, 0, 2, 1, 4, 0, 2, 4, 4, 1, 2, 0, 1, 2, 1, 2, 0, 3, 4, 0, 1, 4, 1, 4, 2, 3, 1, 1, 1, 0]

----------------------------TEST----------------------------


Epochs: 1             | Train Loss:  0.020             | Train Accuracy:  0.867             | Val Loss:  0.005             | Val Accuracy:  0.977

100%|██████████████████████████████████████████████████████████████████████████████████████████████████████████████████████████████████████████████████████████████████████████████████████████████████████████████████████████████████████████████████| 64/64 [51:27<00:00, 48.24s/it]


----------------------------TRAIN----------------------------

[[391   1   3   1   7]
 [  0 403   0   0   2]
 [  2   0 395   0   1]
 [  1   0   0 412   0]
 [  1   2   1   0 421]]
              precision    recall  f1-score   support

           0       0.99      0.97      0.98       403
           1       0.99      1.00      0.99       405
           2       0.99      0.99      0.99       398
           3       1.00      1.00      1.00       413
           4       0.98      0.99      0.98       425

    accuracy                           0.99      2044
   macro avg       0.99      0.99      0.99      2044
weighted avg       0.99      0.99      0.99      2044


ground truth: [4, 1, 2, 3, 4, 0, 4, 4, 3, 2, 0, 0, 4, 0, 4, 2, 1, 2, 1, 0, 2, 3, 1, 3, 0, 4, 3, 0, 0, 0, 3, 3, 4, 4, 1, 0, 3, 0, 3, 0, 1, 0, 2, 1, 1, 2, 0, 4, 2, 1, 2, 4, 4, 4, 3, 1, 4, 2, 1, 4, 0, 4, 1, 1, 3, 0, 4, 1, 3, 2, 1, 1, 0, 3, 2, 1, 0, 4, 0, 1, 2, 4, 0, 4, 2, 2, 4, 3, 3, 0, 0, 2, 2, 1, 4, 1, 4, 1, 1, 1, 3, 3, 2, 2, 4, 1, 2, 1, 4, 3, 1, 1, 1, 0, 4, 0, 2, 0, 0, 2, 0, 4, 1, 3, 3, 4, 1, 0, 0, 3, 3, 2, 1, 1, 2, 1, 3, 2, 1, 4, 2, 0, 3, 3, 3, 2, 1, 3, 3, 2, 4, 3, 4, 4, 1, 0, 3, 4, 4, 3, 0, 2, 1, 1, 2, 2, 4, 0, 1, 2, 1, 1, 4, 1, 0, 1, 0, 2, 0, 4, 3, 4, 3, 4, 2, 0, 3, 0, 3, 4, 1, 2, 4, 3, 0, 4, 0, 3, 4, 2, 0, 0, 1, 3, 3, 4, 2, 2, 1, 1, 1, 1, 0, 4, 0, 4, 4, 0, 0, 1, 1, 0, 1, 0, 0, 3, 0, 3, 3, 1, 2, 2, 1, 1, 3, 4, 3, 4, 4, 2, 3, 1, 0, 2, 1, 2, 4, 0, 4, 0, 1, 3, 1, 3, 4, 3, 3, 3, 4, 4, 1, 0, 0, 1, 0, 3, 1, 0, 1, 0, 1, 0, 0, 1, 3, 0, 0, 0, 3, 4, 1, 4, 1, 2, 4, 4, 4, 0, 1, 2, 3, 3, 0, 2, 0, 0, 0, 1, 2, 4, 3, 4, 2, 4, 4, 1, 1, 2, 2, 3, 1, 4, 0, 2, 0, 2, 0, 0, 1, 3, 3, 2, 3, 1, 0, 1, 3, 2, 2, 2, 0, 0, 2, 4, 3, 2, 2, 3, 4, 1, 1, 3, 2, 3, 0, 3, 4, 0, 3, 1, 3, 1, 1, 2, 2, 4, 3, 4, 0, 1, 4, 0, 3, 4, 0, 3, 2, 1, 3, 0, 3, 2, 4, 0, 3, 1, 3, 1, 0, 3, 3, 0, 3, 0, 3, 4, 1, 1, 4, 3, 1, 3, 2, 0, 2, 4, 0, 4, 0, 2, 0, 0, 1, 2, 0, 2, 1, 0, 3, 4, 2, 0, 0, 1, 4, 0, 3, 3, 4, 4, 0, 1, 4, 1, 2, 2, 3, 3, 2, 1, 3, 1, 2, 4, 4, 2, 0, 1, 2, 3, 4, 0, 3, 1, 4, 2, 1, 3, 1, 0, 4, 3, 4, 2, 2, 0, 0, 2, 1, 2, 2, 1, 3, 3, 4, 1, 4, 0, 1, 2, 4, 3, 0, 3, 2, 3, 3, 0, 2, 0, 2, 1, 1, 2, 0, 3, 2, 1, 2, 1, 3, 4, 4, 4, 1, 3, 2, 4, 4, 2, 4, 0, 2, 2, 1, 2, 1, 2, 3, 1, 4, 0, 3, 4, 2, 2, 4, 0, 3, 4, 4, 0, 1, 2, 3, 3, 2, 4, 1, 3, 1, 2, 2, 0, 0, 2, 0, 3, 2, 4, 3, 2, 2, 0, 4, 2, 0, 1, 2, 3, 4, 3, 0, 0, 0, 4, 3, 3, 0, 4, 3, 1, 0, 4, 0, 3, 4, 4, 4, 4, 4, 3, 0, 2, 3, 3, 4, 0, 3, 3, 2, 0, 1, 1, 1, 2, 4, 2, 3, 4, 2, 1, 4, 1, 1, 1, 1, 0, 2, 1, 2, 3, 4, 4, 1, 3, 1, 1, 1, 3, 1, 4, 3, 3, 1, 2, 4, 1, 3, 0, 0, 0, 4, 2, 1, 1, 4, 4, 2, 1, 1, 3, 1, 4, 1, 4, 3, 3, 2, 2, 2, 3, 1, 3, 3, 1, 3, 2, 3, 4, 4, 2, 4, 0, 2, 0, 0, 4, 3, 1, 4, 0, 4, 1, 2, 2, 1, 4, 0, 3, 1, 1, 0, 3, 3, 0, 4, 0, 3, 4, 0, 1, 0, 2, 1, 1, 3, 2, 4, 2, 3, 0, 4, 3, 2, 2, 3, 3, 4, 0, 4, 4, 4, 1, 3, 3, 3, 3, 3, 4, 1, 2, 4, 4, 1, 0, 4, 3, 0, 0, 2, 4, 0, 3, 2, 3, 0, 3, 0, 0, 2, 3, 3, 0, 4, 3, 2, 0, 1, 3, 4, 4, 1, 3, 1, 1, 4, 0, 1, 0, 2, 0, 4, 4, 2, 0, 1, 4, 3, 2, 4, 0, 2, 0, 1, 2, 3, 0, 4, 1, 2, 3, 2, 1, 0, 4, 2, 1, 2, 0, 3, 1, 4, 2, 2, 4, 2, 4, 2, 2, 3, 0, 0, 3, 0, 3, 4, 4, 3, 4, 0, 2, 4, 1, 0, 2, 0, 1, 2, 4, 1, 4, 1, 1, 1, 4, 2, 0, 4, 1, 4, 4, 3, 1, 2, 1, 1, 1, 3, 0, 1, 4, 1, 3, 3, 3, 4, 2, 4, 0, 4, 4, 1, 1, 4, 2, 2, 1, 3, 1, 1, 3, 2, 1, 4, 1, 3, 3, 1, 2, 4, 2, 0, 0, 2, 3, 4, 4, 0, 2, 0, 2, 2, 0, 4, 2, 0, 0, 1, 3, 0, 1, 3, 2, 3, 0, 4, 2, 3, 0, 3, 1, 4, 0, 2, 4, 1, 2, 3, 1, 4, 4, 0, 2, 3, 1, 1, 0, 3, 0, 3, 3, 4, 4, 1, 1, 0, 4, 2, 1, 2, 0, 2, 1, 0, 1, 2, 0, 4, 3, 4, 2, 0, 1, 4, 0, 0, 1, 2, 0, 2, 4, 4, 4, 2, 0, 4, 3, 0, 2, 1, 0, 4, 3, 0, 2, 1, 4, 3, 1, 0, 0, 1, 4, 2, 0, 4, 4, 1, 3, 2, 3, 3, 0, 3, 4, 2, 2, 0, 2, 1, 4, 3, 2, 4, 0, 1, 4, 0, 1, 3, 0, 0, 2, 4, 4, 4, 0, 2, 1, 4, 3, 4, 0, 1, 0, 4, 4, 3, 1, 3, 0, 1, 4, 3, 1, 4, 0, 0, 1, 2, 4, 2, 0, 3, 3, 3, 2, 3, 2, 0, 2, 4, 4, 4, 2, 1, 1, 0, 3, 2, 4, 2, 1, 3, 3, 2, 2, 0, 2, 3, 3, 3, 4, 2, 1, 0, 4, 2, 3, 1, 4, 3, 1, 1, 1, 1, 1, 1, 2, 1, 0, 1, 0, 3, 1, 3, 1, 3, 0, 2, 2, 1, 4, 3, 4, 1, 4, 0, 4, 0, 1, 0, 1, 4, 2, 3, 1, 2, 2, 1, 2, 2, 2, 4, 1, 3, 0, 4, 1, 1, 2, 4, 3, 3, 4, 0, 3, 2, 4, 0, 3, 4, 1, 0, 4, 1, 0, 3, 2, 1, 0, 0, 0, 4, 4, 2, 1, 2, 0, 0, 4, 3, 0, 0, 1, 0, 0, 0, 4, 3, 2, 3, 4, 3, 2, 2, 2, 2, 2, 0, 1, 0, 3, 1, 1, 2, 3, 0, 4, 4, 0, 4, 4, 4, 4, 4, 4, 0, 4, 4, 2, 4, 0, 2, 3, 2, 0, 3, 4, 2, 2, 3, 4, 1, 4, 1, 2, 2, 1, 4, 2, 2, 3, 2, 4, 2, 3, 1, 0, 1, 1, 1, 4, 2, 0, 4, 3, 2, 3, 1, 4, 2, 4, 2, 2, 4, 0, 1, 0, 2, 3, 2, 4, 3, 0, 0, 1, 2, 2, 1, 2, 1, 0, 4, 4, 3, 4, 2, 4, 3, 3, 3, 2, 3, 4, 4, 2, 4, 0, 4, 2, 3, 2, 2, 2, 1, 3, 0, 0, 1, 0, 3, 0, 0, 3, 3, 4, 2, 0, 2, 3, 3, 2, 2, 4, 3, 1, 3, 1, 4, 0, 1, 3, 4, 3, 2, 0, 4, 0, 1, 3, 4, 0, 3, 0, 0, 4, 0, 4, 3, 2, 0, 3, 3, 3, 4, 2, 3, 0, 2, 3, 0, 0, 4, 4, 2, 4, 3, 2, 2, 1, 1, 4, 1, 4, 4, 4, 0, 4, 1, 4, 1, 1, 4, 0, 1, 2, 0, 4, 1, 2, 4, 2, 3, 2, 2, 2, 0, 2, 4, 2, 4, 2, 4, 4, 1, 3, 0, 1, 4, 1, 3, 0, 4, 2, 2, 0, 1, 0, 2, 4, 1, 0, 3, 4, 4, 4, 3, 2, 4, 1, 2, 0, 0, 2, 3, 2, 0, 3, 0, 1, 2, 3, 4, 4, 4, 2, 2, 0, 4, 4, 1, 0, 2, 4, 0, 2, 0, 0, 3, 0, 3, 4, 3, 4, 1, 2, 3, 2, 2, 1, 1, 4, 3, 3, 1, 3, 3, 3, 4, 0, 2, 0, 2, 1, 3, 1, 0, 1, 2, 1, 2, 4, 0, 1, 4, 0, 1, 4, 2, 4, 3, 2, 3, 3, 0, 3, 1, 1, 2, 0, 0, 4, 4, 0, 2, 2, 3, 2, 3, 2, 0, 1, 3, 4, 1, 0, 3, 1, 1, 0, 0, 4, 0, 1, 3, 3, 0, 0, 0, 3, 0, 0, 1, 2, 0, 3, 4, 4, 1, 1, 1, 3, 0, 0, 3, 1, 2, 1, 0, 2, 3, 4, 3, 2, 1, 0, 3, 4, 4, 1, 0, 0, 0, 3, 0, 4, 4, 3, 1, 1, 0, 3, 2, 1, 4, 3, 2, 1, 3, 0, 0, 1, 4, 1, 3, 1, 3, 2, 4, 2, 1, 1, 4, 1, 0, 2, 4, 3, 4, 1, 3, 2, 3, 1, 4, 0, 3, 0, 3, 3, 3, 2, 3, 0, 1, 3, 1, 3, 1, 2, 0, 4, 2, 0, 0, 4, 4, 0, 1, 4, 3, 4, 1, 3, 4, 3, 4, 3, 3, 1, 0, 4, 3, 0, 1, 0, 4, 0, 0, 4, 0, 2, 4, 4, 2, 0, 1, 0, 3, 1, 4, 2, 3, 2, 3, 3, 2, 1, 2, 2, 4, 2, 2, 4, 1, 4, 4, 1, 4, 2, 3, 1, 2, 3, 4, 0, 4, 2, 1, 0, 0, 0, 0, 3, 4, 3, 1, 2, 3, 1, 3, 1, 3, 4, 3, 2, 4, 2, 1, 2, 2, 0, 2, 0, 2, 3, 3, 2, 3, 4, 2, 0, 0, 3, 1, 0, 4, 3, 2, 4, 4, 1, 3, 2, 4, 0, 2, 3, 0, 3, 2, 4, 0, 1, 3, 3, 1, 2, 3, 3, 1, 1, 4, 0, 0, 4, 0, 4, 1, 3, 1, 2, 2, 2, 1, 3, 4, 4, 0, 2, 1, 3, 2, 1, 2, 2, 3, 4, 0, 2, 2, 4, 2, 1, 1, 0, 4, 4, 1, 3, 3, 4, 3, 2, 2, 2, 2, 0, 0, 1, 1, 3, 1, 4, 0, 2, 0, 0, 3, 4, 0, 4, 3, 3, 2, 3, 2, 2, 2, 4, 1, 0, 0, 4, 4, 3, 1, 0, 1, 2, 4, 1, 0, 3, 4, 3, 1, 2, 1, 0, 3, 0, 1, 4, 1, 1, 0, 0, 2, 2, 1, 0, 3, 1, 0, 1, 4, 0, 4, 1, 4, 1, 0, 3, 1, 3, 1, 2, 4, 2, 3, 4, 3, 1, 3, 0, 4, 3, 4, 3, 4, 3, 1, 3, 1, 4, 2, 1, 4, 0, 1, 1, 4, 2, 0, 1, 4, 0, 4, 4, 4, 0, 1, 4, 3, 0, 0, 3, 0, 4, 0, 0, 4, 3, 1, 2, 4, 1, 0, 3, 0, 0, 4, 4, 2, 3, 1, 3, 2, 2, 1, 4, 2, 0, 4, 3, 1, 4, 3, 0, 4, 3, 3, 0, 3, 4, 4, 4, 4, 3, 2, 1, 3, 3, 1, 4, 2, 3, 2, 2, 0, 2, 4, 1, 3, 3, 2, 2, 2, 1, 0, 3, 0, 0, 0, 2, 3, 0, 2, 3, 1, 4, 4, 2, 3, 4, 1, 2, 3, 1, 3, 1, 0, 3, 2, 1, 3, 3, 0, 1, 1, 4, 4, 1, 0, 4, 2, 2, 4, 1, 4, 2, 2, 1, 2, 2, 1, 3, 1, 3, 1, 3, 1, 3, 3, 1, 3, 3, 3, 4, 3, 1, 1, 0, 2, 1, 0, 3, 1, 1, 1, 0, 0, 2, 0, 1, 2, 0, 1, 2, 0, 2, 4, 3, 0, 4, 2, 2, 4, 0, 3, 2, 2, 3, 2, 2, 3, 2, 4, 3, 3, 1]
prediction:   [4, 1, 2, 0, 4, 0, 4, 4, 3, 2, 0, 0, 0, 0, 4, 2, 1, 2, 1, 0, 2, 3, 1, 3, 0, 4, 3, 0, 0, 0, 3, 3, 4, 4, 1, 0, 3, 0, 3, 0, 1, 0, 2, 1, 1, 2, 0, 4, 2, 1, 2, 4, 4, 4, 3, 1, 4, 2, 1, 4, 0, 4, 1, 1, 3, 1, 4, 1, 3, 2, 1, 1, 0, 3, 2, 1, 0, 4, 0, 1, 2, 4, 0, 4, 2, 2, 4, 3, 3, 0, 0, 2, 2, 1, 4, 1, 4, 1, 1, 1, 3, 3, 2, 2, 4, 1, 2, 1, 4, 3, 1, 1, 1, 0, 4, 0, 2, 0, 0, 2, 0, 4, 1, 3, 3, 4, 1, 0, 0, 3, 3, 2, 1, 1, 2, 1, 3, 2, 1, 4, 2, 0, 3, 3, 3, 2, 1, 3, 3, 2, 4, 3, 4, 4, 1, 0, 3, 4, 4, 3, 0, 2, 1, 1, 2, 2, 4, 0, 1, 2, 1, 1, 4, 1, 0, 1, 0, 2, 0, 4, 3, 4, 3, 1, 2, 0, 3, 0, 3, 4, 1, 2, 4, 3, 0, 4, 0, 3, 4, 2, 0, 4, 1, 3, 3, 4, 2, 2, 1, 1, 1, 1, 0, 4, 0, 4, 4, 0, 0, 1, 1, 0, 1, 0, 0, 3, 0, 3, 3, 1, 2, 2, 1, 1, 3, 4, 3, 4, 4, 2, 3, 1, 0, 2, 1, 2, 4, 0, 4, 0, 1, 3, 1, 3, 4, 3, 3, 3, 4, 4, 1, 0, 0, 1, 0, 3, 1, 0, 1, 0, 1, 0, 0, 1, 3, 0, 0, 0, 3, 4, 1, 4, 1, 2, 4, 4, 4, 0, 1, 2, 3, 3, 0, 2, 0, 0, 0, 1, 2, 4, 3, 4, 2, 4, 4, 1, 1, 2, 2, 3, 1, 4, 4, 2, 0, 2, 0, 0, 1, 3, 3, 2, 3, 1, 0, 1, 3, 2, 2, 2, 0, 0, 2, 4, 3, 2, 2, 3, 4, 1, 1, 3, 2, 3, 0, 3, 4, 0, 3, 1, 3, 1, 1, 2, 2, 4, 3, 4, 0, 1, 4, 0, 3, 4, 4, 3, 2, 1, 3, 0, 3, 2, 1, 4, 3, 1, 3, 1, 0, 3, 3, 0, 3, 0, 3, 4, 1, 1, 4, 3, 1, 3, 2, 0, 2, 4, 0, 4, 0, 2, 0, 0, 1, 2, 0, 2, 1, 0, 3, 4, 2, 0, 0, 1, 4, 0, 3, 3, 4, 4, 0, 1, 4, 1, 2, 2, 3, 3, 2, 1, 3, 1, 2, 4, 4, 2, 0, 1, 2, 3, 4, 0, 3, 1, 4, 2, 1, 3, 1, 0, 4, 3, 4, 2, 2, 0, 0, 2, 1, 2, 2, 1, 3, 3, 4, 1, 4, 0, 1, 2, 4, 3, 0, 3, 2, 3, 3, 0, 2, 0, 2, 1, 1, 2, 0, 3, 2, 1, 2, 1, 3, 4, 4, 4, 1, 3, 2, 4, 4, 2, 4, 0, 2, 2, 1, 2, 1, 2, 3, 1, 4, 0, 3, 4, 2, 2, 4, 0, 3, 4, 4, 0, 1, 2, 3, 3, 2, 4, 1, 3, 1, 2, 2, 0, 0, 2, 0, 3, 2, 4, 3, 2, 2, 0, 4, 2, 0, 1, 2, 3, 4, 3, 0, 0, 0, 4, 3, 3, 0, 4, 3, 1, 0, 4, 0, 3, 4, 4, 4, 4, 4, 3, 0, 2, 3, 3, 4, 0, 3, 3, 2, 0, 1, 1, 1, 2, 4, 2, 3, 4, 2, 1, 4, 1, 1, 1, 1, 0, 2, 4, 2, 3, 4, 4, 1, 3, 1, 1, 1, 3, 1, 4, 3, 3, 1, 2, 4, 1, 3, 0, 0, 0, 4, 2, 1, 1, 4, 4, 2, 1, 1, 3, 1, 4, 1, 4, 3, 3, 2, 2, 2, 3, 1, 3, 3, 1, 3, 2, 3, 4, 4, 2, 4, 0, 2, 0, 0, 4, 3, 1, 4, 0, 4, 1, 2, 2, 1, 4, 0, 3, 1, 1, 0, 3, 3, 0, 4, 0, 3, 4, 0, 1, 0, 2, 1, 1, 3, 2, 4, 2, 3, 0, 4, 3, 2, 2, 3, 3, 4, 0, 4, 4, 4, 1, 3, 3, 3, 3, 3, 4, 1, 2, 4, 4, 1, 0, 4, 3, 0, 0, 2, 4, 0, 3, 2, 3, 0, 3, 0, 0, 2, 3, 3, 0, 4, 3, 2, 2, 1, 3, 4, 4, 1, 3, 1, 1, 4, 0, 1, 0, 2, 0, 4, 4, 2, 0, 1, 4, 3, 2, 4, 0, 2, 0, 1, 2, 3, 0, 4, 1, 2, 3, 2, 1, 0, 4, 2, 1, 2, 0, 3, 1, 4, 2, 2, 4, 2, 4, 2, 2, 3, 0, 0, 3, 0, 3, 4, 4, 3, 4, 0, 2, 4, 1, 0, 2, 0, 1, 2, 4, 1, 4, 1, 1, 1, 4, 2, 0, 4, 1, 4, 4, 3, 1, 2, 1, 1, 1, 3, 0, 1, 4, 1, 3, 3, 3, 4, 2, 4, 0, 4, 4, 1, 1, 4, 2, 2, 1, 3, 1, 1, 3, 2, 1, 4, 1, 3, 3, 1, 2, 4, 2, 0, 0, 2, 3, 4, 4, 0, 2, 0, 2, 2, 0, 4, 2, 0, 0, 1, 3, 2, 1, 3, 2, 3, 0, 4, 2, 3, 0, 3, 1, 4, 0, 2, 4, 1, 2, 3, 1, 4, 4, 0, 2, 3, 1, 1, 0, 3, 3, 3, 3, 4, 4, 1, 1, 0, 4, 2, 1, 2, 0, 2, 1, 0, 1, 2, 0, 4, 3, 4, 2, 0, 1, 4, 0, 0, 1, 2, 0, 2, 4, 4, 4, 2, 0, 4, 3, 0, 2, 1, 0, 4, 3, 0, 2, 1, 4, 3, 1, 0, 0, 1, 4, 2, 0, 4, 4, 1, 3, 2, 3, 3, 0, 3, 4, 2, 2, 0, 2, 1, 4, 3, 2, 4, 0, 1, 4, 0, 1, 3, 0, 0, 2, 4, 4, 4, 0, 2, 1, 4, 3, 4, 0, 1, 0, 4, 4, 3, 1, 3, 0, 1, 4, 3, 1, 4, 0, 0, 4, 2, 4, 2, 0, 3, 3, 3, 2, 3, 2, 0, 2, 4, 4, 4, 2, 1, 1, 0, 3, 2, 4, 2, 1, 3, 3, 2, 2, 0, 2, 3, 3, 3, 4, 2, 1, 0, 4, 2, 3, 1, 4, 3, 1, 1, 1, 1, 1, 1, 2, 1, 0, 1, 0, 3, 1, 3, 1, 3, 0, 2, 2, 1, 4, 3, 4, 1, 4, 0, 4, 0, 1, 0, 1, 4, 2, 3, 1, 0, 2, 1, 2, 2, 2, 4, 1, 3, 0, 4, 1, 1, 2, 4, 3, 3, 4, 0, 3, 2, 4, 0, 3, 4, 1, 0, 4, 1, 0, 3, 2, 1, 0, 0, 0, 4, 4, 2, 1, 2, 0, 0, 4, 3, 0, 0, 1, 0, 0, 0, 4, 3, 2, 3, 4, 3, 2, 2, 2, 2, 2, 0, 1, 0, 3, 1, 1, 2, 3, 0, 4, 4, 0, 4, 4, 4, 4, 4, 4, 0, 4, 4, 2, 4, 0, 2, 3, 2, 0, 3, 4, 2, 2, 3, 4, 1, 4, 1, 2, 2, 1, 4, 2, 2, 3, 2, 4, 2, 3, 1, 0, 1, 1, 1, 4, 2, 0, 4, 3, 2, 3, 1, 4, 2, 4, 2, 2, 4, 0, 1, 0, 2, 3, 2, 4, 3, 0, 0, 1, 2, 2, 1, 2, 1, 0, 4, 4, 3, 4, 2, 4, 3, 3, 3, 2, 3, 4, 4, 2, 4, 0, 4, 2, 3, 2, 2, 2, 1, 3, 0, 0, 1, 0, 3, 0, 0, 3, 3, 4, 2, 0, 2, 3, 3, 2, 2, 4, 3, 1, 3, 1, 4, 0, 1, 3, 4, 3, 2, 0, 4, 0, 1, 3, 4, 0, 3, 0, 0, 4, 4, 4, 3, 2, 0, 3, 3, 3, 4, 2, 3, 0, 2, 3, 0, 0, 4, 4, 2, 4, 3, 2, 2, 1, 1, 4, 1, 4, 4, 4, 0, 4, 1, 4, 1, 1, 4, 0, 1, 2, 0, 4, 1, 2, 4, 2, 3, 2, 2, 2, 0, 2, 4, 2, 4, 2, 4, 4, 1, 3, 0, 1, 4, 1, 3, 0, 4, 2, 2, 0, 1, 0, 2, 4, 1, 0, 3, 4, 4, 4, 3, 2, 4, 1, 2, 0, 0, 2, 3, 2, 0, 3, 0, 1, 2, 3, 4, 4, 4, 2, 2, 0, 4, 4, 1, 0, 2, 4, 0, 2, 0, 0, 3, 0, 3, 4, 3, 4, 1, 2, 3, 2, 2, 1, 1, 4, 3, 3, 1, 3, 3, 3, 4, 0, 2, 0, 2, 1, 3, 1, 0, 1, 2, 1, 2, 4, 0, 1, 4, 0, 1, 4, 2, 4, 3, 2, 3, 3, 0, 3, 1, 1, 2, 0, 0, 4, 4, 0, 2, 2, 3, 2, 3, 2, 0, 1, 3, 4, 1, 0, 3, 1, 1, 0, 0, 4, 0, 1, 3, 3, 0, 0, 0, 3, 0, 0, 1, 2, 0, 3, 4, 4, 1, 1, 1, 3, 0, 0, 3, 1, 2, 1, 0, 2, 3, 4, 3, 2, 1, 0, 3, 4, 4, 1, 0, 0, 0, 3, 0, 4, 4, 3, 1, 1, 0, 3, 2, 1, 4, 3, 2, 1, 3, 0, 0, 1, 4, 1, 3, 1, 3, 2, 4, 2, 1, 1, 4, 1, 0, 2, 4, 3, 4, 1, 3, 2, 3, 1, 4, 0, 3, 0, 3, 3, 3, 2, 3, 0, 1, 3, 1, 3, 1, 2, 0, 4, 2, 0, 0, 4, 4, 0, 1, 4, 3, 4, 1, 3, 4, 3, 4, 3, 3, 1, 0, 4, 3, 0, 1, 0, 4, 0, 0, 4, 0, 2, 4, 4, 2, 0, 1, 0, 3, 1, 4, 2, 3, 2, 3, 3, 2, 1, 2, 2, 4, 2, 2, 4, 1, 4, 4, 1, 4, 2, 3, 1, 2, 3, 4, 0, 4, 2, 1, 0, 0, 0, 0, 3, 4, 3, 1, 2, 3, 1, 3, 1, 3, 4, 3, 2, 4, 2, 1, 2, 2, 0, 2, 0, 2, 3, 3, 0, 3, 4, 2, 0, 0, 3, 1, 0, 4, 3, 2, 4, 4, 1, 3, 4, 4, 0, 2, 3, 0, 3, 2, 4, 0, 1, 3, 3, 1, 2, 3, 3, 1, 1, 4, 0, 0, 4, 0, 4, 1, 3, 1, 2, 2, 2, 1, 3, 4, 4, 0, 2, 1, 3, 2, 1, 2, 2, 3, 4, 0, 2, 2, 4, 2, 1, 1, 0, 4, 4, 1, 3, 3, 4, 3, 2, 2, 2, 2, 0, 0, 1, 1, 3, 1, 2, 0, 2, 0, 0, 3, 4, 0, 4, 3, 3, 2, 3, 2, 2, 2, 4, 1, 0, 0, 4, 4, 3, 1, 4, 1, 2, 4, 1, 0, 3, 4, 3, 1, 2, 1, 0, 3, 0, 1, 4, 1, 1, 0, 0, 2, 2, 1, 0, 3, 1, 0, 1, 4, 0, 4, 1, 4, 1, 0, 3, 1, 3, 1, 2, 4, 2, 3, 4, 3, 1, 3, 0, 4, 3, 4, 3, 4, 3, 1, 3, 1, 4, 2, 1, 4, 0, 1, 1, 4, 2, 0, 1, 4, 4, 4, 4, 4, 0, 1, 4, 3, 0, 0, 3, 0, 4, 0, 0, 4, 3, 1, 2, 4, 1, 2, 3, 0, 0, 4, 4, 2, 3, 1, 3, 2, 2, 1, 4, 2, 0, 4, 3, 1, 4, 3, 0, 4, 3, 3, 0, 3, 4, 4, 4, 4, 3, 2, 1, 3, 3, 1, 4, 2, 3, 2, 2, 0, 2, 4, 1, 3, 3, 2, 2, 2, 1, 0, 3, 0, 0, 0, 2, 3, 0, 2, 3, 1, 4, 4, 2, 3, 4, 1, 2, 3, 1, 3, 1, 0, 3, 2, 1, 3, 3, 0, 1, 1, 4, 4, 1, 0, 4, 2, 2, 4, 1, 4, 2, 2, 1, 2, 2, 1, 3, 1, 3, 1, 3, 1, 3, 3, 1, 3, 3, 3, 4, 3, 1, 1, 0, 2, 1, 0, 3, 1, 1, 1, 0, 0, 2, 0, 1, 2, 0, 1, 2, 0, 2, 4, 3, 0, 4, 2, 2, 4, 0, 3, 2, 2, 3, 2, 2, 3, 2, 4, 3, 3, 1]

----------------------------TRAIN----------------------------


----------------------------TEST----------------------------

[[103   0   3   0   2]
 [  0 106   0   0   0]
 [  1   1 107   0   4]
 [  0   0   1  97   0]
 [  0   0   0   0  86]]
              precision    recall  f1-score   support

           0       0.99      0.95      0.97       108
           1       0.99      1.00      1.00       106
           2       0.96      0.95      0.96       113
           3       1.00      0.99      0.99        98
           4       0.93      1.00      0.97        86

    accuracy                           0.98       511
   macro avg       0.98      0.98      0.98       511
weighted avg       0.98      0.98      0.98       511


ground truth: [3, 4, 1, 3, 1, 0, 0, 2, 3, 2, 2, 2, 0, 4, 4, 2, 0, 4, 1, 2, 3, 1, 1, 4, 4, 3, 4, 2, 3, 1, 1, 2, 2, 3, 1, 1, 2, 3, 1, 3, 0, 0, 4, 0, 2, 1, 2, 1, 1, 1, 1, 1, 2, 0, 4, 2, 0, 0, 2, 4, 4, 4, 2, 2, 4, 1, 2, 3, 0, 2, 1, 3, 0, 3, 4, 2, 2, 0, 3, 1, 3, 0, 0, 4, 1, 3, 0, 0, 4, 4, 3, 2, 4, 2, 0, 3, 4, 4, 1, 1, 1, 2, 2, 2, 3, 2, 3, 0, 0, 4, 3, 4, 0, 1, 0, 2, 3, 3, 2, 4, 2, 1, 3, 0, 1, 2, 0, 3, 2, 0, 1, 2, 0, 3, 4, 0, 1, 0, 1, 0, 4, 0, 1, 1, 0, 0, 2, 3, 0, 3, 1, 2, 4, 0, 2, 3, 1, 3, 0, 4, 0, 2, 2, 2, 0, 4, 4, 4, 0, 0, 0, 1, 1, 4, 3, 1, 0, 0, 3, 2, 1, 0, 4, 0, 3, 3, 0, 1, 1, 3, 0, 4, 4, 0, 4, 2, 0, 0, 3, 3, 0, 3, 2, 4, 0, 1, 4, 3, 0, 2, 1, 0, 3, 3, 2, 4, 2, 3, 0, 4, 1, 0, 0, 0, 4, 4, 1, 2, 2, 1, 2, 1, 4, 2, 0, 0, 2, 2, 1, 0, 0, 4, 2, 3, 2, 2, 2, 3, 1, 4, 0, 2, 0, 2, 1, 1, 1, 2, 1, 2, 1, 2, 3, 4, 3, 0, 2, 0, 3, 3, 2, 4, 2, 4, 4, 1, 1, 3, 0, 0, 3, 2, 2, 4, 1, 2, 3, 2, 2, 4, 2, 1, 2, 0, 2, 0, 2, 3, 4, 3, 1, 2, 3, 3, 0, 2, 3, 4, 3, 3, 4, 3, 3, 1, 2, 0, 3, 4, 1, 0, 2, 3, 4, 2, 4, 0, 4, 4, 4, 0, 2, 1, 3, 3, 3, 2, 1, 3, 3, 0, 3, 2, 0, 4, 2, 0, 3, 1, 2, 1, 3, 1, 2, 3, 3, 0, 0, 1, 4, 0, 1, 1, 0, 1, 3, 0, 1, 1, 1, 2, 1, 3, 1, 3, 1, 2, 2, 3, 1, 0, 3, 3, 3, 1, 1, 0, 3, 2, 3, 3, 4, 0, 0, 0, 1, 3, 1, 4, 4, 0, 4, 2, 1, 1, 0, 3, 3, 2, 0, 3, 4, 0, 3, 4, 2, 2, 2, 3, 4, 2, 4, 3, 4, 1, 1, 1, 3, 1, 1, 4, 2, 1, 4, 4, 2, 0, 2, 0, 1, 0, 4, 2, 0, 1, 4, 0, 2, 0, 3, 4, 4, 3, 2, 0, 1, 1, 0, 3, 3, 2, 4, 0, 1, 1, 2, 1, 3, 4, 2, 2, 0, 2, 1, 2, 2, 0, 1, 1, 3, 0, 4, 3, 0, 2, 1, 4, 0, 2, 4, 4, 1, 2, 0, 1, 2, 1, 2, 0, 3, 4, 2, 1, 4, 1, 4, 2, 3, 1, 1, 1, 0]
prediction:   [3, 4, 1, 3, 1, 0, 2, 2, 3, 2, 2, 2, 0, 4, 4, 2, 0, 4, 1, 2, 3, 1, 1, 4, 4, 3, 4, 2, 3, 1, 1, 2, 2, 3, 1, 1, 2, 3, 1, 3, 0, 0, 4, 0, 2, 1, 2, 1, 1, 1, 1, 1, 2, 0, 4, 2, 0, 0, 2, 4, 4, 4, 2, 2, 4, 1, 4, 3, 0, 2, 1, 3, 0, 3, 4, 2, 2, 4, 3, 1, 3, 0, 0, 4, 1, 3, 0, 0, 4, 4, 3, 2, 4, 0, 0, 3, 4, 4, 1, 1, 1, 2, 2, 2, 3, 2, 3, 0, 0, 4, 3, 4, 0, 1, 0, 2, 3, 3, 2, 4, 2, 1, 3, 0, 1, 2, 0, 3, 2, 0, 1, 2, 0, 3, 4, 0, 1, 0, 1, 0, 4, 0, 1, 1, 0, 4, 2, 3, 0, 3, 1, 2, 4, 0, 2, 3, 1, 3, 2, 4, 0, 2, 2, 4, 0, 4, 4, 4, 0, 0, 0, 1, 1, 4, 3, 1, 0, 0, 3, 2, 1, 0, 4, 0, 3, 3, 0, 1, 1, 3, 0, 4, 4, 0, 4, 2, 0, 0, 3, 3, 0, 3, 2, 4, 0, 1, 4, 3, 0, 2, 1, 0, 3, 3, 2, 4, 2, 3, 0, 4, 1, 0, 0, 0, 4, 4, 1, 2, 2, 1, 2, 1, 4, 2, 0, 0, 2, 2, 1, 0, 0, 4, 2, 3, 2, 2, 2, 3, 1, 4, 0, 1, 0, 2, 1, 1, 1, 2, 1, 2, 1, 2, 3, 4, 3, 0, 2, 0, 3, 3, 2, 4, 2, 4, 4, 1, 1, 3, 0, 0, 3, 2, 2, 4, 1, 2, 2, 2, 2, 4, 2, 1, 2, 0, 2, 0, 2, 3, 4, 3, 1, 2, 3, 3, 0, 2, 3, 4, 3, 3, 4, 3, 3, 1, 4, 0, 3, 4, 1, 0, 2, 3, 4, 4, 4, 0, 4, 4, 4, 0, 2, 1, 3, 3, 3, 2, 1, 3, 3, 0, 3, 2, 0, 4, 2, 0, 3, 1, 2, 1, 3, 1, 2, 3, 3, 0, 0, 1, 4, 0, 1, 1, 0, 1, 3, 0, 1, 1, 1, 2, 1, 3, 1, 3, 1, 2, 2, 3, 1, 0, 3, 3, 3, 1, 1, 2, 3, 2, 3, 3, 4, 0, 0, 0, 1, 3, 1, 4, 4, 0, 4, 2, 1, 1, 0, 3, 3, 2, 0, 3, 4, 0, 3, 4, 2, 2, 2, 3, 4, 2, 4, 3, 4, 1, 1, 1, 3, 1, 1, 4, 2, 1, 4, 4, 2, 0, 2, 0, 1, 0, 4, 2, 0, 1, 4, 0, 2, 0, 3, 4, 4, 3, 2, 0, 1, 1, 0, 3, 3, 2, 4, 0, 1, 1, 2, 1, 3, 4, 2, 2, 0, 2, 1, 2, 2, 0, 1, 1, 3, 0, 4, 3, 0, 2, 1, 4, 0, 2, 4, 4, 1, 2, 0, 1, 2, 1, 2, 0, 3, 4, 2, 1, 4, 1, 4, 2, 3, 1, 1, 1, 0]

----------------------------TEST----------------------------


Epochs: 2             | Train Loss:  0.003             | Train Accuracy:  0.989             | Val Loss:  0.004             | Val Accuracy:  0.977

100%|██████████████████████████████████████████████████████████████████████████████████████████████████████████████████████████████████████████████████████████████████████████████████████████████████████████████████████████████████████████████████| 64/64 [48:05<00:00, 45.08s/it]


----------------------------TRAIN----------------------------

[[393   1   3   0   6]
 [  1 401   1   0   2]
 [  1   4 392   0   1]
 [  0   0   0 413   0]
 [  1   2   0   0 422]]
              precision    recall  f1-score   support

           0       0.99      0.98      0.98       403
           1       0.98      0.99      0.99       405
           2       0.99      0.98      0.99       398
           3       1.00      1.00      1.00       413
           4       0.98      0.99      0.99       425

    accuracy                           0.99      2044
   macro avg       0.99      0.99      0.99      2044
weighted avg       0.99      0.99      0.99      2044


ground truth: [2, 2, 1, 1, 2, 2, 4, 1, 0, 4, 1, 4, 3, 1, 0, 3, 0, 4, 1, 2, 3, 3, 2, 3, 0, 3, 2, 3, 1, 0, 3, 2, 2, 4, 1, 3, 4, 1, 2, 2, 3, 4, 1, 2, 4, 2, 4, 2, 1, 4, 1, 3, 3, 2, 3, 3, 1, 2, 1, 4, 1, 2, 1, 3, 1, 2, 1, 2, 0, 2, 3, 4, 4, 2, 2, 2, 1, 3, 1, 1, 4, 4, 1, 2, 1, 3, 2, 3, 2, 3, 1, 3, 1, 0, 2, 1, 1, 3, 2, 1, 1, 1, 3, 0, 0, 3, 4, 1, 1, 2, 0, 1, 0, 4, 0, 3, 4, 3, 3, 2, 0, 2, 0, 3, 1, 0, 3, 2, 2, 0, 3, 3, 1, 4, 1, 3, 4, 3, 1, 0, 0, 2, 3, 3, 3, 2, 1, 0, 2, 4, 3, 4, 1, 3, 1, 0, 4, 3, 2, 3, 1, 2, 4, 0, 2, 2, 1, 3, 3, 0, 2, 0, 3, 1, 1, 4, 4, 0, 2, 4, 0, 2, 4, 0, 1, 1, 4, 3, 3, 0, 4, 0, 1, 1, 1, 0, 4, 2, 2, 0, 1, 1, 3, 1, 3, 4, 1, 1, 0, 0, 4, 0, 4, 1, 1, 4, 0, 0, 1, 2, 0, 2, 1, 1, 4, 1, 3, 2, 3, 2, 1, 4, 3, 2, 4, 2, 2, 4, 1, 3, 1, 4, 1, 4, 4, 4, 3, 4, 2, 1, 0, 0, 0, 0, 4, 3, 2, 3, 0, 4, 0, 1, 0, 0, 4, 1, 1, 1, 0, 1, 2, 1, 3, 1, 3, 0, 4, 3, 0, 3, 0, 0, 2, 2, 2, 0, 0, 4, 0, 0, 0, 1, 3, 1, 1, 4, 0, 0, 4, 4, 1, 4, 0, 4, 2, 2, 2, 0, 2, 1, 0, 3, 2, 4, 1, 4, 2, 3, 4, 1, 2, 3, 3, 2, 2, 0, 3, 1, 4, 2, 2, 0, 4, 3, 4, 0, 0, 0, 0, 3, 2, 0, 3, 0, 3, 0, 4, 3, 0, 4, 0, 1, 2, 4, 2, 2, 2, 1, 4, 2, 3, 1, 3, 4, 4, 1, 0, 4, 2, 3, 3, 0, 4, 2, 1, 0, 0, 2, 0, 4, 1, 1, 4, 0, 3, 4, 3, 0, 4, 2, 4, 4, 1, 2, 4, 0, 0, 2, 3, 3, 4, 3, 4, 2, 1, 4, 2, 3, 1, 2, 2, 1, 1, 1, 0, 3, 1, 3, 2, 1, 2, 1, 3, 3, 3, 1, 0, 1, 3, 3, 0, 3, 0, 0, 4, 3, 0, 3, 2, 2, 1, 1, 3, 1, 0, 0, 1, 3, 1, 4, 3, 1, 2, 0, 2, 4, 1, 2, 0, 4, 2, 4, 4, 1, 1, 3, 2, 4, 0, 4, 0, 4, 4, 0, 3, 1, 0, 2, 4, 0, 0, 0, 0, 4, 4, 1, 2, 4, 3, 2, 4, 4, 2, 0, 0, 2, 3, 1, 2, 1, 0, 3, 0, 2, 1, 4, 2, 2, 1, 1, 1, 3, 4, 0, 4, 3, 1, 1, 0, 2, 4, 3, 1, 2, 4, 3, 3, 1, 3, 1, 2, 4, 3, 3, 2, 4, 0, 3, 2, 3, 3, 3, 3, 0, 4, 4, 1, 1, 3, 2, 0, 4, 2, 3, 4, 3, 3, 1, 1, 4, 3, 4, 4, 1, 2, 4, 2, 4, 4, 2, 4, 0, 0, 1, 4, 0, 3, 3, 3, 2, 1, 0, 0, 1, 3, 3, 4, 4, 1, 0, 3, 1, 1, 3, 1, 2, 1, 3, 2, 3, 0, 3, 0, 3, 4, 0, 1, 2, 0, 4, 3, 4, 2, 0, 0, 3, 1, 3, 0, 3, 1, 0, 2, 3, 3, 0, 2, 3, 1, 3, 0, 1, 0, 3, 0, 4, 2, 0, 2, 4, 0, 0, 0, 4, 2, 4, 2, 0, 0, 1, 1, 3, 1, 2, 3, 2, 3, 4, 3, 1, 1, 0, 2, 0, 1, 2, 1, 2, 2, 4, 2, 0, 4, 0, 4, 1, 3, 0, 0, 0, 4, 4, 2, 1, 1, 4, 3, 2, 2, 0, 0, 3, 3, 4, 3, 2, 0, 4, 4, 1, 0, 1, 2, 2, 0, 1, 2, 2, 1, 0, 0, 4, 3, 3, 4, 0, 0, 2, 1, 1, 4, 4, 4, 4, 2, 4, 0, 4, 3, 4, 4, 2, 0, 1, 0, 1, 1, 4, 2, 4, 0, 1, 1, 0, 4, 0, 4, 0, 4, 0, 2, 0, 1, 2, 3, 1, 0, 4, 4, 0, 4, 3, 2, 3, 2, 3, 2, 3, 4, 1, 3, 1, 4, 4, 3, 1, 2, 2, 2, 1, 3, 4, 4, 1, 2, 2, 4, 2, 0, 3, 3, 4, 4, 3, 1, 2, 3, 4, 4, 3, 4, 1, 0, 2, 0, 0, 3, 1, 0, 4, 2, 2, 4, 3, 1, 0, 3, 4, 0, 2, 4, 2, 4, 4, 2, 2, 4, 3, 4, 4, 2, 1, 4, 1, 2, 1, 0, 1, 1, 0, 4, 2, 0, 1, 3, 1, 4, 3, 1, 3, 2, 2, 2, 4, 0, 0, 4, 4, 3, 1, 4, 2, 2, 4, 0, 0, 2, 3, 2, 4, 0, 1, 4, 3, 2, 4, 0, 4, 3, 2, 1, 0, 3, 0, 3, 3, 2, 2, 0, 2, 1, 0, 4, 0, 2, 2, 0, 0, 3, 3, 0, 0, 4, 1, 1, 4, 0, 4, 2, 1, 4, 4, 1, 4, 4, 4, 1, 1, 4, 1, 3, 4, 4, 3, 0, 3, 3, 3, 2, 0, 2, 4, 0, 4, 1, 3, 4, 2, 3, 0, 1, 2, 4, 4, 0, 2, 2, 4, 2, 0, 3, 3, 3, 4, 1, 3, 0, 3, 1, 2, 4, 4, 3, 3, 4, 0, 1, 0, 4, 4, 4, 2, 4, 2, 1, 0, 1, 3, 4, 4, 3, 2, 1, 3, 1, 3, 3, 2, 0, 4, 3, 4, 4, 1, 0, 0, 1, 3, 4, 3, 0, 2, 3, 1, 0, 4, 2, 3, 4, 3, 2, 3, 4, 0, 3, 2, 3, 3, 3, 0, 1, 2, 1, 3, 4, 3, 3, 4, 0, 3, 0, 4, 3, 1, 3, 1, 3, 3, 1, 1, 2, 4, 1, 2, 0, 4, 1, 0, 1, 1, 3, 3, 2, 1, 0, 1, 3, 0, 4, 4, 0, 4, 2, 1, 0, 4, 3, 0, 4, 3, 0, 1, 2, 3, 1, 1, 1, 3, 2, 1, 2, 0, 0, 4, 0, 3, 1, 4, 2, 1, 4, 3, 0, 1, 2, 3, 3, 1, 0, 2, 1, 2, 3, 0, 0, 1, 0, 0, 2, 1, 2, 4, 1, 3, 4, 2, 0, 3, 0, 4, 3, 4, 2, 0, 2, 4, 4, 0, 4, 1, 4, 3, 1, 3, 0, 1, 4, 3, 0, 0, 0, 2, 2, 0, 1, 4, 3, 4, 1, 2, 3, 1, 4, 0, 2, 4, 3, 0, 2, 2, 2, 4, 2, 4, 0, 0, 3, 2, 2, 0, 1, 1, 4, 3, 4, 2, 1, 1, 1, 4, 1, 4, 3, 4, 2, 2, 2, 0, 4, 2, 1, 1, 1, 0, 1, 0, 4, 2, 3, 2, 4, 4, 1, 4, 4, 2, 3, 1, 2, 3, 4, 1, 2, 0, 0, 3, 2, 4, 4, 4, 4, 0, 2, 2, 1, 2, 2, 3, 2, 2, 3, 1, 2, 3, 0, 4, 2, 0, 3, 1, 1, 3, 4, 4, 3, 3, 0, 2, 0, 1, 2, 2, 1, 4, 2, 1, 4, 3, 3, 3, 4, 0, 3, 0, 4, 3, 4, 2, 1, 4, 4, 4, 0, 0, 1, 4, 2, 2, 2, 2, 3, 2, 3, 2, 3, 4, 0, 3, 3, 0, 2, 4, 2, 3, 2, 2, 1, 3, 1, 3, 4, 1, 1, 4, 3, 3, 1, 3, 3, 2, 2, 4, 4, 0, 1, 0, 4, 2, 3, 4, 0, 3, 1, 1, 2, 4, 0, 4, 1, 2, 4, 1, 4, 4, 0, 3, 4, 3, 1, 0, 2, 2, 1, 4, 0, 0, 4, 2, 3, 3, 3, 1, 2, 4, 4, 1, 1, 2, 3, 3, 0, 3, 2, 1, 2, 0, 1, 0, 1, 3, 1, 0, 0, 0, 2, 0, 3, 3, 2, 1, 0, 3, 3, 2, 0, 3, 2, 0, 4, 1, 2, 0, 2, 1, 3, 0, 1, 1, 4, 3, 4, 2, 4, 4, 3, 0, 3, 4, 4, 0, 3, 1, 3, 0, 4, 3, 1, 1, 0, 2, 4, 1, 2, 3, 1, 1, 3, 2, 4, 3, 2, 1, 1, 0, 4, 4, 3, 1, 1, 3, 0, 3, 2, 3, 0, 1, 3, 0, 1, 1, 4, 2, 0, 1, 4, 2, 0, 4, 2, 2, 1, 3, 1, 2, 2, 2, 0, 2, 1, 2, 0, 4, 3, 0, 2, 1, 4, 1, 4, 3, 1, 1, 3, 4, 4, 4, 0, 2, 0, 3, 2, 0, 4, 4, 4, 4, 4, 2, 3, 2, 1, 2, 3, 4, 3, 2, 1, 4, 2, 2, 1, 1, 4, 4, 2, 2, 2, 1, 4, 1, 2, 2, 4, 2, 0, 3, 2, 0, 3, 4, 4, 0, 0, 0, 0, 0, 0, 1, 3, 4, 3, 0, 4, 3, 3, 2, 4, 4, 0, 1, 4, 2, 3, 2, 3, 3, 3, 0, 0, 1, 1, 4, 0, 1, 2, 4, 1, 3, 0, 4, 2, 2, 4, 4, 3, 2, 2, 2, 3, 2, 3, 4, 3, 4, 4, 1, 0, 3, 2, 4, 4, 4, 0, 1, 4, 3, 0, 4, 0, 0, 0, 1, 0, 4, 0, 1, 3, 4, 3, 2, 2, 3, 2, 2, 3, 4, 1, 3, 3, 1, 3, 4, 0, 3, 0, 3, 4, 0, 2, 3, 3, 3, 0, 4, 3, 4, 0, 3, 4, 1, 4, 1, 0, 0, 2, 3, 1, 3, 3, 2, 0, 4, 2, 2, 0, 2, 2, 1, 2, 4, 1, 3, 0, 4, 1, 3, 3, 1, 3, 0, 3, 3, 1, 1, 2, 2, 2, 4, 3, 0, 3, 0, 0, 3, 0, 4, 4, 2, 1, 4, 2, 4, 4, 4, 1, 3, 1, 4, 1, 4, 1, 4, 0, 1, 4, 1, 1, 2, 4, 2, 1, 1, 2, 1, 1, 0, 0, 0, 3, 3, 2, 3, 2, 2, 1, 1, 1, 2, 0, 2, 2, 1, 1, 0, 2, 4, 1, 3, 4, 1, 4, 0, 4, 1, 2, 3, 0, 0, 3, 2, 0, 1, 3, 1, 3, 4, 2, 0, 1, 0, 0, 4, 3, 1, 1, 3, 0, 1, 4, 0, 3, 2, 4, 1, 0, 4, 1, 3, 4, 0, 0, 1, 4, 0, 0, 0, 2, 2, 3, 4, 0, 3, 4, 4, 0, 1, 2, 3, 3, 1, 4, 2, 3, 3, 1, 0, 0, 3, 3, 2, 1, 3, 0, 1, 1, 2, 0, 0, 2, 4, 3, 1, 0, 0, 4, 2, 1, 3, 1, 4, 4, 3, 3, 1, 3, 1, 1, 3, 0, 4, 3, 0, 2, 3, 0, 3, 4, 1, 3, 0, 3, 0, 0, 2, 4, 0, 2, 3, 1, 3, 4, 3, 2, 1, 3, 0, 0, 4, 4, 3, 0, 2, 1, 2, 0, 3, 1, 4, 4, 3, 0, 4, 0, 3, 4, 2, 2, 4, 3, 1, 0, 0, 4, 0, 2, 1, 2, 3, 0, 0, 4, 1, 1, 4, 4, 2, 3, 2, 0, 1, 2, 4, 3, 2, 0, 2, 3, 0, 2, 1, 1, 2, 2, 0, 3, 1, 1, 4, 3, 4, 4, 0, 4, 3, 2, 4, 2, 2, 0, 2, 1, 4, 1, 4, 1, 4, 1, 3, 0, 3, 3, 4, 2, 4, 2, 0, 0, 3, 0, 1, 2, 1, 3, 4, 1, 2, 4, 2, 0, 1, 2, 1, 0, 3, 3, 0, 4, 3, 1, 0, 3, 4, 1, 2, 3, 0, 3, 3, 2, 3, 2, 2, 4, 0, 2, 2, 0, 1, 0, 3, 2, 4, 1, 0, 1, 2, 4, 3, 2, 1, 0, 0, 4, 0, 3, 0, 0, 2, 2, 4, 0, 1, 0, 2, 4, 2, 0, 1, 1, 0, 1, 1, 0, 4, 4, 0, 1, 4, 2, 0, 1, 1, 0, 0]
prediction:   [2, 2, 1, 1, 2, 2, 4, 1, 0, 4, 1, 4, 3, 1, 0, 3, 0, 4, 1, 2, 3, 3, 2, 3, 0, 3, 2, 3, 1, 0, 3, 2, 2, 4, 1, 3, 4, 1, 2, 2, 3, 4, 1, 2, 4, 2, 4, 2, 1, 4, 1, 3, 3, 2, 3, 3, 1, 2, 1, 4, 1, 2, 1, 3, 1, 2, 1, 2, 0, 2, 3, 4, 4, 2, 2, 2, 1, 3, 1, 1, 4, 4, 1, 2, 1, 3, 2, 3, 2, 3, 1, 3, 1, 0, 2, 1, 1, 3, 2, 1, 1, 1, 3, 0, 0, 3, 4, 1, 1, 2, 0, 1, 0, 4, 0, 3, 4, 3, 3, 2, 0, 2, 0, 3, 1, 0, 3, 2, 2, 0, 3, 3, 1, 4, 1, 3, 4, 3, 1, 0, 0, 2, 3, 3, 3, 2, 1, 0, 2, 4, 3, 4, 1, 3, 1, 0, 4, 3, 2, 3, 1, 2, 4, 0, 2, 2, 1, 3, 3, 0, 2, 0, 3, 1, 1, 4, 4, 0, 2, 4, 0, 2, 4, 0, 1, 1, 4, 3, 3, 0, 4, 0, 1, 1, 1, 0, 4, 2, 2, 0, 1, 1, 3, 1, 3, 4, 1, 1, 0, 0, 4, 0, 4, 1, 1, 4, 4, 0, 1, 2, 0, 2, 1, 1, 4, 1, 3, 2, 3, 2, 1, 1, 3, 2, 4, 2, 2, 4, 1, 3, 1, 4, 1, 4, 4, 4, 3, 4, 2, 1, 0, 0, 0, 0, 4, 3, 2, 3, 0, 4, 0, 1, 0, 4, 4, 1, 1, 1, 0, 1, 2, 1, 3, 1, 3, 0, 4, 3, 0, 3, 0, 0, 2, 2, 2, 0, 0, 4, 0, 0, 0, 1, 3, 1, 1, 4, 0, 0, 4, 4, 1, 4, 0, 4, 2, 2, 2, 0, 2, 1, 0, 3, 2, 4, 0, 4, 2, 3, 4, 1, 2, 3, 3, 2, 2, 0, 3, 1, 4, 2, 1, 0, 4, 3, 4, 0, 0, 0, 0, 3, 2, 0, 3, 0, 3, 0, 4, 3, 0, 4, 0, 1, 2, 4, 2, 2, 2, 1, 4, 2, 3, 1, 3, 4, 4, 1, 0, 4, 2, 3, 3, 0, 4, 2, 1, 0, 0, 2, 0, 4, 1, 1, 4, 1, 3, 4, 3, 0, 4, 2, 4, 4, 1, 2, 4, 0, 0, 2, 3, 3, 4, 3, 4, 2, 1, 4, 2, 3, 1, 2, 2, 1, 1, 1, 0, 3, 1, 3, 2, 1, 2, 1, 3, 3, 3, 1, 0, 1, 3, 3, 0, 3, 0, 0, 4, 3, 0, 3, 2, 2, 1, 1, 3, 1, 0, 0, 1, 3, 1, 4, 3, 1, 2, 0, 2, 4, 1, 2, 0, 4, 2, 4, 4, 1, 1, 3, 2, 4, 0, 4, 0, 4, 4, 0, 3, 1, 0, 2, 4, 0, 0, 0, 0, 4, 4, 1, 2, 4, 3, 2, 4, 4, 2, 0, 0, 2, 3, 1, 2, 1, 0, 3, 0, 2, 1, 4, 2, 2, 1, 1, 1, 3, 4, 0, 4, 3, 1, 1, 0, 2, 4, 3, 1, 2, 4, 3, 3, 1, 3, 1, 2, 4, 3, 3, 2, 4, 0, 3, 2, 3, 3, 3, 3, 0, 4, 4, 1, 1, 3, 2, 0, 4, 2, 3, 4, 3, 3, 1, 1, 4, 3, 4, 4, 1, 2, 4, 2, 4, 4, 2, 4, 0, 0, 1, 4, 0, 3, 3, 3, 2, 1, 0, 0, 1, 3, 3, 4, 4, 1, 0, 3, 1, 1, 3, 1, 2, 1, 3, 2, 3, 0, 3, 0, 3, 4, 0, 1, 2, 0, 4, 3, 4, 2, 0, 0, 3, 1, 3, 0, 3, 1, 0, 2, 3, 3, 0, 2, 3, 1, 3, 0, 1, 0, 3, 0, 4, 2, 0, 2, 4, 0, 0, 0, 4, 2, 4, 2, 0, 0, 1, 1, 3, 1, 2, 3, 4, 3, 4, 3, 1, 1, 0, 2, 0, 1, 2, 1, 2, 2, 4, 2, 0, 4, 0, 4, 1, 3, 0, 0, 0, 4, 4, 2, 1, 1, 4, 3, 2, 2, 0, 0, 3, 3, 4, 3, 2, 0, 4, 4, 1, 0, 1, 2, 2, 0, 1, 2, 2, 1, 0, 0, 4, 3, 3, 4, 0, 0, 2, 1, 1, 4, 4, 4, 4, 2, 4, 0, 4, 3, 4, 4, 2, 0, 1, 0, 1, 1, 4, 2, 4, 2, 1, 1, 0, 4, 0, 4, 0, 4, 0, 2, 0, 1, 2, 3, 1, 0, 4, 4, 0, 4, 3, 2, 3, 2, 3, 2, 3, 4, 1, 3, 1, 4, 4, 3, 1, 2, 2, 2, 1, 3, 4, 4, 1, 2, 2, 4, 2, 0, 3, 3, 4, 4, 3, 1, 2, 3, 4, 4, 3, 4, 1, 0, 2, 0, 0, 3, 1, 0, 4, 2, 2, 4, 3, 1, 0, 3, 4, 0, 2, 4, 2, 4, 4, 2, 2, 4, 3, 4, 4, 2, 1, 4, 1, 2, 1, 0, 1, 1, 0, 4, 2, 0, 1, 3, 1, 4, 3, 1, 3, 2, 2, 2, 4, 4, 0, 4, 4, 3, 1, 4, 2, 2, 4, 0, 0, 2, 3, 2, 4, 0, 1, 4, 3, 2, 4, 0, 4, 3, 2, 1, 0, 3, 0, 3, 3, 2, 2, 0, 2, 1, 0, 4, 0, 2, 2, 0, 0, 3, 3, 0, 0, 4, 1, 1, 4, 0, 4, 2, 1, 4, 4, 1, 4, 4, 4, 1, 1, 4, 1, 3, 4, 4, 3, 0, 3, 3, 3, 2, 0, 2, 4, 0, 4, 4, 3, 4, 2, 3, 0, 1, 2, 4, 4, 0, 2, 2, 4, 2, 0, 3, 3, 3, 4, 1, 3, 0, 3, 1, 2, 4, 4, 3, 3, 4, 0, 1, 0, 4, 4, 4, 2, 4, 2, 1, 0, 1, 3, 4, 4, 3, 2, 1, 3, 1, 3, 3, 2, 0, 4, 3, 4, 4, 1, 0, 0, 1, 3, 4, 3, 0, 2, 3, 1, 2, 4, 2, 3, 4, 3, 2, 3, 4, 0, 3, 2, 3, 3, 3, 0, 1, 2, 1, 3, 4, 3, 3, 4, 0, 3, 0, 4, 3, 1, 3, 1, 3, 3, 1, 1, 2, 4, 1, 2, 0, 4, 1, 0, 1, 1, 3, 3, 2, 1, 0, 1, 3, 0, 4, 4, 0, 4, 2, 1, 0, 4, 3, 0, 4, 3, 0, 1, 2, 3, 1, 1, 1, 3, 2, 1, 2, 0, 0, 4, 0, 3, 1, 4, 2, 1, 4, 3, 0, 1, 2, 3, 3, 1, 2, 2, 1, 2, 3, 0, 0, 1, 0, 0, 2, 1, 2, 4, 1, 3, 4, 2, 0, 3, 0, 4, 3, 4, 2, 0, 2, 4, 4, 0, 4, 1, 4, 3, 1, 3, 0, 1, 4, 3, 0, 0, 0, 2, 2, 0, 1, 4, 3, 4, 1, 2, 3, 1, 4, 0, 2, 4, 3, 0, 2, 2, 2, 4, 2, 4, 0, 0, 3, 2, 2, 0, 1, 1, 4, 3, 4, 2, 1, 1, 1, 4, 1, 4, 3, 4, 2, 2, 2, 0, 4, 2, 1, 1, 1, 0, 1, 0, 4, 2, 3, 2, 4, 4, 1, 4, 4, 2, 3, 1, 2, 3, 4, 1, 2, 0, 0, 3, 2, 4, 4, 4, 4, 0, 2, 2, 1, 2, 2, 3, 2, 2, 3, 1, 2, 3, 0, 4, 2, 0, 3, 1, 1, 3, 4, 4, 3, 3, 0, 2, 0, 1, 2, 1, 1, 4, 1, 1, 4, 3, 3, 3, 4, 0, 3, 0, 4, 3, 4, 2, 1, 4, 4, 4, 0, 0, 1, 4, 2, 2, 2, 2, 3, 2, 3, 2, 3, 4, 0, 3, 3, 0, 2, 4, 2, 3, 2, 2, 1, 3, 1, 3, 4, 1, 1, 4, 3, 3, 1, 3, 3, 2, 2, 4, 4, 0, 4, 0, 4, 2, 3, 4, 0, 3, 1, 1, 2, 4, 0, 4, 1, 2, 4, 1, 4, 4, 0, 3, 4, 3, 1, 0, 2, 2, 1, 4, 0, 0, 4, 2, 3, 3, 3, 1, 2, 4, 4, 1, 1, 2, 3, 3, 0, 3, 2, 1, 2, 0, 1, 0, 1, 3, 1, 4, 0, 0, 2, 0, 3, 3, 2, 1, 0, 3, 3, 2, 0, 3, 2, 0, 4, 1, 2, 0, 2, 1, 3, 0, 1, 1, 4, 3, 4, 2, 4, 4, 3, 0, 3, 4, 4, 0, 3, 1, 3, 0, 4, 3, 1, 1, 0, 2, 1, 1, 2, 3, 1, 1, 3, 2, 4, 3, 2, 1, 1, 0, 4, 4, 3, 1, 1, 3, 0, 3, 2, 3, 0, 1, 3, 0, 1, 1, 4, 2, 0, 1, 4, 2, 0, 4, 2, 2, 1, 3, 1, 2, 2, 2, 0, 2, 1, 2, 0, 0, 3, 0, 2, 1, 4, 1, 4, 3, 1, 1, 3, 4, 4, 4, 0, 2, 0, 3, 2, 0, 4, 4, 4, 4, 4, 2, 3, 2, 1, 2, 3, 4, 3, 2, 1, 4, 2, 2, 1, 1, 4, 4, 2, 2, 2, 1, 4, 1, 2, 2, 4, 2, 0, 3, 2, 0, 3, 4, 4, 0, 0, 0, 0, 0, 0, 1, 3, 4, 3, 0, 4, 3, 3, 2, 4, 4, 0, 1, 4, 2, 3, 2, 3, 3, 3, 0, 0, 1, 1, 4, 0, 1, 2, 4, 1, 3, 0, 4, 2, 2, 4, 4, 3, 2, 2, 2, 3, 2, 3, 4, 3, 4, 4, 1, 0, 3, 2, 4, 4, 4, 0, 1, 4, 3, 0, 4, 0, 0, 0, 1, 0, 4, 0, 1, 3, 4, 3, 2, 2, 3, 2, 2, 3, 4, 1, 3, 3, 1, 3, 4, 0, 3, 0, 3, 4, 0, 2, 3, 3, 3, 0, 4, 3, 4, 0, 3, 4, 1, 4, 1, 0, 0, 2, 3, 1, 3, 3, 2, 0, 4, 2, 2, 0, 2, 2, 1, 2, 4, 1, 3, 0, 4, 1, 3, 3, 1, 3, 0, 3, 3, 1, 1, 2, 2, 2, 4, 3, 0, 3, 4, 0, 3, 4, 4, 4, 2, 1, 4, 2, 4, 4, 4, 1, 3, 1, 4, 1, 4, 1, 4, 0, 1, 4, 1, 1, 2, 4, 2, 1, 1, 2, 1, 1, 0, 0, 0, 3, 3, 2, 3, 2, 2, 1, 1, 1, 2, 0, 2, 2, 1, 1, 0, 2, 4, 1, 3, 4, 1, 4, 0, 4, 1, 2, 3, 0, 0, 3, 2, 0, 1, 3, 1, 3, 4, 2, 0, 2, 0, 0, 4, 3, 1, 1, 3, 0, 1, 4, 0, 3, 2, 4, 1, 0, 4, 1, 3, 4, 0, 0, 1, 4, 0, 0, 0, 2, 2, 3, 4, 0, 3, 4, 4, 0, 1, 2, 3, 3, 1, 4, 2, 3, 3, 1, 0, 0, 3, 3, 2, 1, 3, 0, 1, 1, 2, 0, 0, 2, 4, 3, 1, 0, 0, 4, 2, 1, 3, 1, 4, 4, 3, 3, 1, 3, 1, 1, 3, 0, 4, 3, 0, 2, 3, 0, 3, 4, 1, 3, 0, 3, 0, 0, 2, 4, 0, 2, 3, 1, 3, 4, 3, 2, 1, 3, 0, 0, 4, 4, 3, 0, 0, 1, 2, 0, 3, 1, 4, 4, 3, 0, 4, 0, 3, 4, 2, 2, 4, 3, 1, 0, 0, 4, 0, 2, 1, 2, 3, 0, 0, 4, 1, 1, 4, 4, 2, 3, 2, 0, 1, 2, 4, 3, 2, 0, 2, 3, 0, 2, 1, 1, 2, 2, 0, 3, 1, 1, 4, 3, 4, 4, 0, 4, 3, 2, 4, 2, 2, 0, 2, 1, 4, 1, 4, 1, 4, 1, 3, 0, 3, 3, 4, 2, 4, 2, 0, 0, 3, 0, 1, 2, 1, 3, 4, 1, 2, 4, 2, 0, 1, 2, 1, 0, 3, 3, 0, 4, 3, 1, 0, 3, 4, 1, 2, 3, 0, 3, 3, 2, 3, 2, 1, 4, 0, 2, 2, 0, 1, 0, 3, 2, 4, 1, 0, 1, 2, 4, 3, 2, 1, 0, 0, 4, 0, 3, 0, 0, 2, 2, 4, 0, 1, 0, 2, 4, 2, 0, 1, 1, 0, 1, 1, 0, 4, 4, 0, 1, 4, 2, 0, 1, 1, 0, 0]

----------------------------TRAIN----------------------------


----------------------------TEST----------------------------

[[102   0   4   0   2]
 [  0 106   0   0   0]
 [  1   0 109   0   3]
 [  0   0   0  98   0]
 [  0   0   0   0  86]]
              precision    recall  f1-score   support

           0       0.99      0.94      0.97       108
           1       1.00      1.00      1.00       106
           2       0.96      0.96      0.96       113
           3       1.00      1.00      1.00        98
           4       0.95      1.00      0.97        86

    accuracy                           0.98       511
   macro avg       0.98      0.98      0.98       511
weighted avg       0.98      0.98      0.98       511


ground truth: [3, 4, 1, 3, 1, 0, 0, 2, 3, 2, 2, 2, 0, 4, 4, 2, 0, 4, 1, 2, 3, 1, 1, 4, 4, 3, 4, 2, 3, 1, 1, 2, 2, 3, 1, 1, 2, 3, 1, 3, 0, 0, 4, 0, 2, 1, 2, 1, 1, 1, 1, 1, 2, 0, 4, 2, 0, 0, 2, 4, 4, 4, 2, 2, 4, 1, 2, 3, 0, 2, 1, 3, 0, 3, 4, 2, 2, 0, 3, 1, 3, 0, 0, 4, 1, 3, 0, 0, 4, 4, 3, 2, 4, 2, 0, 3, 4, 4, 1, 1, 1, 2, 2, 2, 3, 2, 3, 0, 0, 4, 3, 4, 0, 1, 0, 2, 3, 3, 2, 4, 2, 1, 3, 0, 1, 2, 0, 3, 2, 0, 1, 2, 0, 3, 4, 0, 1, 0, 1, 0, 4, 0, 1, 1, 0, 0, 2, 3, 0, 3, 1, 2, 4, 0, 2, 3, 1, 3, 0, 4, 0, 2, 2, 2, 0, 4, 4, 4, 0, 0, 0, 1, 1, 4, 3, 1, 0, 0, 3, 2, 1, 0, 4, 0, 3, 3, 0, 1, 1, 3, 0, 4, 4, 0, 4, 2, 0, 0, 3, 3, 0, 3, 2, 4, 0, 1, 4, 3, 0, 2, 1, 0, 3, 3, 2, 4, 2, 3, 0, 4, 1, 0, 0, 0, 4, 4, 1, 2, 2, 1, 2, 1, 4, 2, 0, 0, 2, 2, 1, 0, 0, 4, 2, 3, 2, 2, 2, 3, 1, 4, 0, 2, 0, 2, 1, 1, 1, 2, 1, 2, 1, 2, 3, 4, 3, 0, 2, 0, 3, 3, 2, 4, 2, 4, 4, 1, 1, 3, 0, 0, 3, 2, 2, 4, 1, 2, 3, 2, 2, 4, 2, 1, 2, 0, 2, 0, 2, 3, 4, 3, 1, 2, 3, 3, 0, 2, 3, 4, 3, 3, 4, 3, 3, 1, 2, 0, 3, 4, 1, 0, 2, 3, 4, 2, 4, 0, 4, 4, 4, 0, 2, 1, 3, 3, 3, 2, 1, 3, 3, 0, 3, 2, 0, 4, 2, 0, 3, 1, 2, 1, 3, 1, 2, 3, 3, 0, 0, 1, 4, 0, 1, 1, 0, 1, 3, 0, 1, 1, 1, 2, 1, 3, 1, 3, 1, 2, 2, 3, 1, 0, 3, 3, 3, 1, 1, 0, 3, 2, 3, 3, 4, 0, 0, 0, 1, 3, 1, 4, 4, 0, 4, 2, 1, 1, 0, 3, 3, 2, 0, 3, 4, 0, 3, 4, 2, 2, 2, 3, 4, 2, 4, 3, 4, 1, 1, 1, 3, 1, 1, 4, 2, 1, 4, 4, 2, 0, 2, 0, 1, 0, 4, 2, 0, 1, 4, 0, 2, 0, 3, 4, 4, 3, 2, 0, 1, 1, 0, 3, 3, 2, 4, 0, 1, 1, 2, 1, 3, 4, 2, 2, 0, 2, 1, 2, 2, 0, 1, 1, 3, 0, 4, 3, 0, 2, 1, 4, 0, 2, 4, 4, 1, 2, 0, 1, 2, 1, 2, 0, 3, 4, 2, 1, 4, 1, 4, 2, 3, 1, 1, 1, 0]
prediction:   [3, 4, 1, 3, 1, 0, 2, 2, 3, 2, 2, 2, 0, 4, 4, 2, 0, 4, 1, 2, 3, 1, 1, 4, 4, 3, 4, 2, 3, 1, 1, 2, 2, 3, 1, 1, 2, 3, 1, 3, 0, 0, 4, 0, 2, 1, 2, 1, 1, 1, 1, 1, 2, 0, 4, 2, 0, 0, 2, 4, 4, 4, 2, 2, 4, 1, 4, 3, 0, 2, 1, 3, 0, 3, 4, 2, 2, 4, 3, 1, 3, 0, 0, 4, 1, 3, 0, 0, 4, 4, 3, 2, 4, 0, 0, 3, 4, 4, 1, 1, 1, 2, 2, 2, 3, 2, 3, 0, 0, 4, 3, 4, 0, 1, 2, 2, 3, 3, 2, 4, 2, 1, 3, 0, 1, 2, 0, 3, 2, 0, 1, 2, 0, 3, 4, 0, 1, 0, 1, 0, 4, 0, 1, 1, 0, 4, 2, 3, 0, 3, 1, 2, 4, 0, 2, 3, 1, 3, 2, 4, 0, 2, 2, 4, 0, 4, 4, 4, 0, 0, 0, 1, 1, 4, 3, 1, 0, 0, 3, 2, 1, 0, 4, 0, 3, 3, 0, 1, 1, 3, 0, 4, 4, 0, 4, 2, 0, 0, 3, 3, 0, 3, 2, 4, 0, 1, 4, 3, 0, 2, 1, 0, 3, 3, 2, 4, 2, 3, 0, 4, 1, 0, 0, 0, 4, 4, 1, 2, 2, 1, 2, 1, 4, 2, 0, 0, 2, 2, 1, 0, 0, 4, 2, 3, 2, 2, 2, 3, 1, 4, 0, 2, 0, 2, 1, 1, 1, 2, 1, 2, 1, 2, 3, 4, 3, 0, 2, 0, 3, 3, 2, 4, 2, 4, 4, 1, 1, 3, 0, 0, 3, 2, 2, 4, 1, 2, 3, 2, 2, 4, 2, 1, 2, 0, 2, 0, 2, 3, 4, 3, 1, 2, 3, 3, 0, 2, 3, 4, 3, 3, 4, 3, 3, 1, 4, 0, 3, 4, 1, 0, 2, 3, 4, 2, 4, 0, 4, 4, 4, 0, 2, 1, 3, 3, 3, 2, 1, 3, 3, 0, 3, 2, 0, 4, 2, 0, 3, 1, 2, 1, 3, 1, 2, 3, 3, 0, 0, 1, 4, 0, 1, 1, 0, 1, 3, 0, 1, 1, 1, 2, 1, 3, 1, 3, 1, 2, 2, 3, 1, 0, 3, 3, 3, 1, 1, 2, 3, 2, 3, 3, 4, 0, 0, 0, 1, 3, 1, 4, 4, 0, 4, 2, 1, 1, 0, 3, 3, 2, 0, 3, 4, 0, 3, 4, 2, 2, 2, 3, 4, 2, 4, 3, 4, 1, 1, 1, 3, 1, 1, 4, 2, 1, 4, 4, 2, 0, 2, 0, 1, 0, 4, 2, 0, 1, 4, 0, 2, 0, 3, 4, 4, 3, 2, 0, 1, 1, 0, 3, 3, 2, 4, 0, 1, 1, 2, 1, 3, 4, 2, 2, 0, 2, 1, 2, 2, 0, 1, 1, 3, 0, 4, 3, 0, 2, 1, 4, 0, 2, 4, 4, 1, 2, 0, 1, 2, 1, 2, 0, 3, 4, 2, 1, 4, 1, 4, 2, 3, 1, 1, 1, 0]

----------------------------TEST----------------------------


Epochs: 3             | Train Loss:  0.003             | Train Accuracy:  0.989             | Val Loss:  0.003             | Val Accuracy:  0.980

100%|████████████████████████████████████████████████████████████████████████████████████████████████████| 64/64 [37:04<00:00, 34.76s/it]


----------------------------TRAIN----------------------------

[[396   1   4   0   2]
 [  0 403   0   0   2]
 [  2   1 395   0   0]
 [  0   0   0 413   0]
 [  1   2   0   0 422]]
              precision    recall  f1-score   support

           0       0.99      0.98      0.99       403
           1       0.99      1.00      0.99       405
           2       0.99      0.99      0.99       398
           3       1.00      1.00      1.00       413
           4       0.99      0.99      0.99       425

    accuracy                           0.99      2044
   macro avg       0.99      0.99      0.99      2044
weighted avg       0.99      0.99      0.99      2044


ground truth: [3, 2, 4, 2, 4, 1, 1, 4, 2, 3, 2, 2, 4, 4, 1, 2, 0, 0, 0, 1, 0, 3, 2, 3, 2, 2, 3, 2, 1, 3, 3, 0, 1, 1, 0, 4, 4, 3, 1, 4, 4, 0, 3, 1, 1, 3, 2, 2, 0, 1, 4, 4, 1, 2, 2, 3, 4, 4, 4, 3, 0, 4, 4, 1, 1, 4, 1, 0, 4, 3, 2, 1, 4, 4, 3, 4, 4, 1, 2, 2, 2, 0, 4, 3, 3, 3, 3, 0, 0, 0, 2, 3, 0, 4, 1, 0, 4, 2, 1, 3, 4, 1, 0, 1, 1, 0, 3, 3, 0, 4, 1, 4, 0, 0, 3, 3, 2, 0, 1, 0, 4, 4, 0, 4, 3, 4, 3, 1, 2, 1, 2, 3, 3, 0, 4, 3, 4, 2, 4, 2, 0, 2, 1, 3, 0, 4, 0, 3, 4, 1, 0, 3, 0, 3, 1, 4, 4, 3, 3, 4, 3, 1, 3, 4, 1, 2, 3, 3, 3, 0, 4, 4, 2, 0, 4, 1, 1, 0, 4, 0, 4, 0, 1, 4, 1, 0, 1, 0, 1, 3, 1, 0, 1, 3, 3, 4, 4, 0, 1, 4, 2, 2, 2, 0, 1, 0, 3, 3, 2, 4, 3, 2, 2, 3, 0, 3, 1, 2, 2, 4, 0, 2, 0, 4, 2, 1, 2, 1, 2, 0, 0, 1, 0, 2, 4, 2, 0, 0, 0, 0, 2, 4, 3, 3, 2, 1, 2, 0, 1, 3, 2, 0, 0, 1, 4, 4, 2, 3, 4, 0, 4, 0, 0, 2, 1, 2, 1, 0, 3, 3, 3, 1, 4, 2, 4, 0, 3, 4, 2, 2, 2, 3, 0, 0, 1, 3, 3, 4, 1, 0, 1, 0, 1, 3, 2, 4, 4, 1, 0, 1, 4, 3, 4, 3, 0, 1, 1, 2, 2, 2, 2, 4, 0, 4, 4, 2, 1, 3, 1, 4, 4, 0, 4, 3, 1, 2, 3, 0, 3, 0, 4, 0, 3, 2, 0, 0, 2, 0, 3, 2, 0, 4, 1, 1, 2, 1, 0, 0, 1, 2, 1, 1, 2, 1, 3, 4, 3, 4, 4, 4, 2, 1, 3, 1, 2, 4, 3, 3, 1, 4, 1, 1, 3, 4, 0, 0, 4, 3, 1, 1, 1, 3, 3, 0, 1, 2, 4, 1, 4, 0, 4, 4, 3, 1, 1, 4, 4, 2, 0, 0, 3, 0, 1, 1, 1, 1, 4, 0, 4, 2, 1, 2, 0, 2, 1, 1, 4, 3, 3, 2, 0, 2, 0, 0, 0, 3, 3, 0, 4, 3, 3, 3, 2, 1, 1, 2, 0, 3, 1, 4, 4, 3, 4, 0, 4, 0, 2, 1, 3, 3, 2, 0, 0, 0, 3, 2, 1, 0, 2, 1, 1, 2, 3, 4, 1, 1, 1, 3, 0, 3, 3, 1, 3, 1, 1, 0, 1, 1, 1, 3, 0, 4, 1, 0, 0, 1, 4, 3, 0, 1, 3, 1, 0, 4, 4, 3, 3, 3, 4, 2, 2, 0, 1, 1, 3, 3, 1, 4, 0, 0, 1, 0, 4, 1, 2, 3, 0, 0, 3, 2, 0, 0, 2, 2, 2, 0, 0, 4, 4, 0, 4, 4, 4, 2, 2, 2, 3, 3, 3, 4, 0, 2, 2, 4, 3, 3, 4, 2, 2, 4, 4, 4, 4, 1, 3, 0, 0, 1, 2, 4, 0, 3, 1, 2, 0, 2, 2, 0, 2, 1, 0, 1, 1, 0, 3, 4, 2, 3, 1, 1, 3, 0, 4, 1, 1, 3, 0, 0, 3, 3, 4, 2, 0, 0, 4, 3, 2, 0, 2, 4, 4, 4, 2, 4, 2, 1, 0, 4, 1, 4, 0, 2, 4, 2, 4, 0, 3, 0, 0, 0, 1, 3, 1, 4, 2, 4, 0, 4, 3, 4, 0, 3, 2, 0, 2, 1, 1, 1, 0, 4, 4, 2, 2, 4, 0, 3, 0, 2, 2, 0, 1, 3, 4, 4, 1, 2, 4, 1, 0, 1, 2, 3, 0, 1, 1, 1, 2, 1, 4, 3, 1, 0, 3, 3, 0, 3, 4, 4, 3, 2, 3, 0, 4, 2, 2, 2, 3, 2, 2, 4, 0, 0, 3, 3, 0, 4, 0, 1, 2, 4, 4, 1, 4, 0, 3, 2, 2, 0, 4, 0, 2, 1, 4, 1, 2, 4, 1, 4, 1, 4, 4, 3, 1, 2, 4, 4, 0, 2, 4, 4, 1, 3, 4, 4, 2, 0, 3, 1, 1, 3, 0, 1, 1, 4, 2, 4, 0, 2, 2, 2, 3, 1, 4, 4, 4, 1, 2, 4, 3, 4, 2, 3, 0, 0, 0, 3, 2, 1, 1, 4, 3, 3, 0, 3, 1, 1, 0, 4, 1, 0, 3, 1, 0, 4, 0, 0, 2, 4, 1, 4, 1, 0, 2, 1, 1, 1, 2, 0, 1, 4, 1, 4, 2, 1, 4, 2, 4, 0, 4, 3, 0, 2, 2, 0, 2, 1, 3, 0, 0, 1, 2, 2, 4, 1, 1, 3, 4, 2, 0, 1, 0, 0, 2, 0, 1, 3, 4, 0, 3, 4, 2, 0, 2, 4, 2, 3, 2, 2, 4, 2, 0, 3, 1, 3, 4, 4, 3, 3, 3, 2, 3, 0, 1, 2, 2, 3, 2, 3, 3, 0, 2, 0, 1, 3, 2, 1, 0, 2, 2, 4, 0, 2, 3, 3, 3, 3, 2, 3, 0, 1, 0, 3, 1, 2, 3, 4, 0, 1, 3, 0, 3, 4, 0, 3, 2, 3, 4, 4, 2, 2, 3, 1, 2, 0, 4, 3, 2, 4, 1, 3, 4, 2, 0, 4, 1, 0, 3, 2, 4, 0, 1, 0, 2, 3, 4, 1, 4, 4, 0, 0, 2, 2, 1, 0, 1, 1, 1, 0, 4, 4, 4, 0, 4, 0, 4, 0, 4, 2, 2, 2, 1, 3, 4, 0, 3, 2, 0, 4, 4, 3, 4, 2, 0, 1, 2, 4, 0, 0, 2, 4, 4, 2, 1, 0, 3, 1, 1, 2, 3, 3, 2, 0, 4, 3, 4, 2, 1, 0, 4, 4, 4, 1, 4, 3, 0, 0, 2, 3, 2, 2, 3, 4, 3, 4, 0, 1, 2, 3, 0, 1, 2, 2, 1, 0, 4, 4, 2, 1, 3, 3, 3, 1, 1, 3, 1, 3, 0, 4, 3, 4, 0, 3, 0, 2, 3, 0, 3, 3, 3, 1, 0, 0, 4, 1, 3, 3, 4, 4, 0, 1, 3, 1, 0, 2, 3, 3, 3, 2, 2, 3, 1, 0, 1, 3, 4, 1, 2, 0, 0, 0, 3, 4, 2, 2, 3, 3, 4, 1, 4, 0, 4, 1, 4, 3, 1, 4, 0, 3, 3, 3, 1, 4, 4, 2, 3, 3, 0, 1, 1, 0, 2, 4, 2, 4, 1, 0, 1, 2, 1, 2, 1, 3, 1, 1, 1, 3, 2, 3, 3, 4, 1, 4, 1, 1, 2, 3, 0, 1, 2, 3, 4, 3, 0, 1, 0, 0, 4, 1, 2, 1, 2, 3, 1, 4, 0, 0, 0, 4, 2, 2, 3, 0, 3, 0, 4, 2, 1, 1, 3, 0, 2, 4, 1, 1, 1, 0, 0, 4, 2, 4, 0, 2, 4, 2, 0, 1, 3, 4, 1, 4, 4, 1, 1, 0, 3, 0, 1, 4, 3, 2, 2, 3, 4, 4, 4, 4, 2, 2, 0, 3, 3, 3, 3, 3, 2, 2, 1, 2, 1, 1, 3, 1, 1, 3, 3, 1, 2, 2, 0, 4, 4, 2, 0, 2, 4, 2, 0, 0, 2, 1, 4, 1, 2, 2, 2, 0, 4, 0, 0, 0, 1, 2, 2, 2, 4, 2, 3, 3, 0, 3, 4, 2, 0, 0, 3, 2, 0, 2, 0, 0, 0, 3, 4, 1, 0, 3, 0, 2, 2, 3, 0, 2, 2, 4, 3, 4, 0, 1, 2, 1, 1, 0, 4, 3, 0, 3, 0, 3, 0, 0, 3, 1, 3, 2, 2, 4, 0, 1, 3, 4, 2, 2, 0, 1, 0, 0, 0, 1, 2, 1, 2, 4, 0, 1, 4, 3, 3, 3, 4, 3, 0, 2, 2, 4, 3, 3, 4, 2, 1, 4, 0, 4, 1, 3, 3, 4, 0, 0, 3, 3, 3, 0, 1, 1, 1, 1, 4, 1, 4, 1, 2, 0, 4, 2, 3, 2, 0, 0, 4, 3, 1, 1, 3, 2, 3, 0, 3, 2, 4, 4, 3, 3, 1, 1, 3, 2, 0, 0, 2, 1, 1, 0, 2, 0, 4, 1, 4, 1, 4, 0, 0, 4, 1, 1, 4, 4, 0, 1, 4, 1, 0, 1, 0, 3, 3, 4, 4, 2, 0, 4, 1, 2, 0, 2, 2, 0, 3, 3, 2, 2, 4, 3, 4, 1, 0, 3, 4, 2, 4, 1, 0, 3, 0, 2, 4, 1, 1, 3, 3, 3, 2, 2, 1, 4, 2, 0, 1, 3, 1, 2, 2, 4, 4, 2, 3, 3, 0, 2, 3, 0, 4, 4, 4, 4, 3, 2, 4, 1, 2, 4, 3, 1, 2, 4, 2, 2, 2, 0, 4, 4, 3, 1, 4, 4, 1, 1, 0, 2, 1, 3, 1, 0, 2, 4, 1, 3, 2, 1, 1, 4, 4, 4, 1, 4, 1, 3, 3, 1, 2, 2, 4, 1, 3, 4, 0, 3, 2, 1, 0, 0, 3, 3, 2, 1, 0, 4, 2, 2, 3, 3, 4, 2, 4, 0, 3, 3, 2, 1, 1, 1, 3, 4, 1, 4, 1, 0, 1, 3, 1, 3, 0, 0, 1, 4, 1, 2, 2, 1, 4, 2, 1, 3, 3, 4, 4, 4, 4, 1, 1, 2, 0, 3, 4, 4, 0, 0, 0, 1, 2, 3, 2, 0, 1, 1, 0, 1, 2, 4, 4, 0, 0, 4, 0, 1, 4, 0, 0, 3, 2, 2, 0, 3, 0, 1, 4, 4, 2, 3, 1, 0, 0, 0, 2, 2, 3, 3, 2, 2, 1, 4, 1, 1, 4, 1, 2, 4, 0, 3, 0, 4, 1, 3, 2, 1, 4, 0, 3, 4, 1, 0, 2, 3, 4, 1, 2, 1, 4, 3, 2, 3, 3, 2, 4, 1, 4, 3, 2, 2, 3, 0, 3, 1, 2, 0, 3, 2, 1, 2, 3, 4, 4, 1, 1, 4, 3, 0, 0, 2, 3, 2, 0, 3, 3, 4, 1, 1, 2, 2, 1, 1, 2, 4, 0, 1, 3, 4, 2, 3, 1, 1, 4, 0, 3, 4, 3, 4, 1, 0, 0, 3, 1, 2, 1, 4, 3, 2, 3, 0, 4, 3, 2, 3, 1, 0, 4, 1, 2, 0, 2, 0, 0, 4, 2, 1, 3, 3, 4, 3, 3, 1, 1, 3, 3, 1, 3, 4, 2, 3, 1, 1, 0, 2, 4, 4, 4, 1, 4, 0, 3, 4, 2, 1, 4, 0, 2, 1, 3, 1, 1, 0, 1, 4, 0, 2, 3, 0, 2, 4, 0, 3, 3, 0, 4, 2, 2, 2, 4, 4, 1, 4, 0, 1, 0, 2, 0, 3, 0, 3, 2, 4, 4, 0, 3, 2, 4, 3, 2, 2, 1, 1, 3, 4, 2, 3, 1, 1, 2, 4, 3, 2, 1, 1, 3, 0, 0, 4, 4, 2, 3, 4, 0, 0, 4, 3, 3, 0, 3, 3, 3, 0, 1, 4, 4, 0, 3, 4, 2, 2, 1, 3, 1, 4, 1, 4, 2, 3, 0, 2, 3, 3, 2, 2, 0, 0, 4, 3, 3, 4, 0, 2, 2, 4, 2, 4, 1, 4, 3, 4, 4, 3, 4, 4, 2, 4, 3, 3, 2, 4, 1, 0, 3, 4, 3, 2, 3, 2, 2, 0, 2, 2, 1, 4, 0, 0, 0, 1, 1, 2, 0, 0, 0, 3, 1, 0, 4, 2, 1, 3, 1, 2, 2, 1, 1, 4, 3, 3, 1, 0, 1, 4, 3, 0, 4, 3, 0, 4, 2, 2, 2, 3, 2, 2, 0, 0, 0, 2, 0, 1, 3, 1, 1, 4, 1, 4, 2, 1, 2, 4, 2, 1, 4, 1, 2, 3, 1, 1, 3, 2, 3, 0, 4, 4, 0, 2, 4, 4, 3, 2, 2, 3, 4, 2, 0, 2, 1, 0, 4, 2, 3, 4, 2, 2, 2, 3, 2, 4, 4, 3, 4, 2, 0, 2, 3, 3, 3, 1, 4, 1, 0, 3, 2, 1, 3, 1, 3, 0, 0, 3, 4, 1, 2, 3, 1, 1, 1, 0, 0, 0, 3, 4, 3, 3, 3, 3]
prediction:   [3, 2, 4, 2, 4, 1, 1, 4, 2, 3, 2, 2, 4, 4, 1, 2, 0, 0, 0, 1, 0, 3, 2, 3, 2, 2, 3, 2, 1, 3, 3, 0, 1, 4, 0, 4, 4, 3, 1, 4, 4, 0, 3, 1, 1, 3, 2, 2, 0, 1, 4, 4, 1, 2, 2, 3, 4, 4, 4, 3, 0, 4, 4, 1, 1, 4, 1, 0, 4, 3, 2, 1, 4, 4, 3, 4, 4, 1, 2, 2, 2, 0, 4, 3, 3, 3, 3, 0, 0, 0, 2, 3, 4, 4, 1, 0, 4, 2, 1, 3, 4, 1, 0, 1, 1, 0, 3, 3, 0, 4, 1, 4, 0, 0, 3, 3, 2, 0, 1, 0, 4, 4, 0, 4, 3, 4, 3, 1, 2, 1, 2, 3, 3, 0, 4, 3, 4, 2, 4, 2, 0, 2, 1, 3, 0, 4, 0, 3, 4, 1, 0, 3, 0, 3, 1, 4, 4, 3, 3, 4, 3, 1, 3, 4, 1, 2, 3, 3, 3, 0, 4, 4, 2, 0, 4, 1, 1, 0, 4, 0, 4, 0, 1, 4, 1, 0, 1, 0, 1, 3, 1, 0, 1, 3, 3, 4, 4, 0, 1, 4, 2, 2, 2, 0, 1, 0, 3, 3, 2, 4, 3, 2, 2, 3, 0, 3, 1, 2, 2, 4, 0, 2, 0, 4, 2, 1, 2, 1, 2, 0, 0, 1, 0, 2, 4, 2, 0, 0, 0, 0, 2, 4, 3, 3, 2, 1, 2, 0, 1, 3, 2, 0, 0, 1, 4, 4, 2, 3, 4, 0, 4, 0, 0, 2, 1, 2, 1, 0, 3, 3, 3, 1, 4, 2, 4, 0, 3, 4, 2, 2, 2, 3, 0, 0, 1, 3, 3, 4, 1, 0, 1, 0, 1, 3, 2, 4, 4, 1, 0, 1, 4, 3, 4, 3, 0, 1, 1, 2, 2, 2, 2, 4, 0, 4, 4, 2, 1, 3, 1, 4, 4, 0, 4, 3, 1, 2, 3, 0, 3, 0, 4, 0, 3, 2, 0, 0, 2, 0, 3, 2, 0, 4, 1, 1, 2, 1, 0, 0, 1, 2, 1, 1, 2, 1, 3, 4, 3, 4, 4, 4, 2, 1, 3, 1, 2, 4, 3, 3, 1, 4, 1, 1, 3, 4, 0, 0, 4, 3, 1, 1, 1, 3, 3, 0, 1, 2, 4, 1, 4, 0, 4, 4, 3, 1, 1, 4, 4, 2, 0, 0, 3, 0, 1, 1, 1, 1, 4, 0, 4, 2, 1, 2, 0, 2, 1, 1, 0, 3, 3, 2, 0, 2, 0, 0, 0, 3, 3, 0, 4, 3, 3, 3, 2, 1, 1, 2, 0, 3, 1, 4, 4, 3, 4, 0, 4, 0, 2, 1, 3, 3, 2, 0, 0, 0, 3, 2, 1, 0, 2, 1, 1, 2, 3, 4, 1, 1, 1, 3, 0, 3, 3, 1, 3, 1, 1, 0, 1, 1, 1, 3, 0, 4, 1, 0, 0, 1, 4, 3, 0, 1, 3, 1, 0, 4, 4, 3, 3, 3, 4, 2, 2, 0, 1, 1, 3, 3, 1, 4, 0, 0, 1, 2, 4, 1, 2, 3, 0, 0, 3, 2, 0, 0, 2, 2, 2, 0, 0, 4, 4, 0, 4, 4, 4, 2, 2, 2, 3, 3, 3, 4, 0, 2, 2, 4, 3, 3, 4, 2, 2, 4, 4, 4, 4, 1, 3, 0, 0, 1, 2, 4, 0, 3, 1, 2, 0, 2, 2, 0, 2, 1, 0, 1, 1, 0, 3, 4, 2, 3, 1, 1, 3, 0, 4, 1, 1, 3, 0, 0, 3, 3, 4, 2, 0, 0, 4, 3, 2, 0, 2, 4, 4, 4, 2, 4, 2, 1, 0, 4, 1, 4, 0, 2, 4, 2, 4, 0, 3, 0, 0, 0, 1, 3, 1, 4, 2, 4, 0, 4, 3, 4, 0, 3, 2, 0, 2, 1, 1, 1, 0, 4, 4, 2, 2, 4, 0, 3, 0, 2, 2, 0, 1, 3, 4, 4, 1, 2, 4, 1, 0, 1, 2, 3, 0, 1, 1, 1, 2, 1, 4, 3, 1, 0, 3, 3, 0, 3, 4, 4, 3, 2, 3, 0, 4, 2, 2, 2, 3, 2, 2, 4, 0, 0, 3, 3, 0, 4, 0, 1, 2, 4, 4, 1, 4, 0, 3, 2, 2, 0, 4, 0, 2, 1, 4, 1, 2, 4, 1, 4, 1, 4, 4, 3, 1, 2, 4, 4, 0, 2, 4, 4, 1, 3, 4, 4, 2, 0, 3, 1, 1, 3, 0, 1, 1, 4, 2, 4, 0, 2, 2, 2, 3, 1, 4, 4, 4, 1, 2, 4, 3, 4, 2, 3, 0, 0, 0, 3, 2, 1, 1, 4, 3, 3, 0, 3, 1, 1, 0, 4, 1, 0, 3, 1, 0, 4, 0, 0, 2, 4, 1, 4, 1, 0, 2, 1, 1, 1, 2, 0, 1, 4, 1, 4, 2, 1, 4, 2, 4, 0, 4, 3, 0, 2, 2, 0, 2, 1, 3, 0, 0, 1, 2, 2, 4, 1, 1, 3, 4, 2, 0, 1, 0, 0, 2, 0, 1, 3, 4, 0, 3, 4, 2, 0, 2, 4, 2, 3, 2, 2, 4, 2, 0, 3, 1, 3, 4, 4, 3, 3, 3, 2, 3, 0, 1, 2, 2, 3, 2, 3, 3, 0, 2, 0, 1, 3, 2, 1, 0, 2, 2, 4, 0, 2, 3, 3, 3, 3, 2, 3, 0, 1, 0, 3, 1, 2, 3, 4, 0, 1, 3, 0, 3, 4, 0, 3, 2, 3, 4, 4, 2, 2, 3, 1, 2, 0, 4, 3, 2, 4, 1, 3, 4, 2, 0, 4, 1, 0, 3, 2, 4, 0, 1, 0, 2, 3, 4, 1, 4, 4, 0, 0, 2, 2, 1, 0, 1, 1, 1, 0, 4, 4, 4, 0, 4, 0, 4, 0, 4, 2, 2, 2, 1, 3, 4, 0, 3, 2, 0, 4, 4, 3, 4, 2, 0, 1, 2, 4, 0, 2, 2, 4, 4, 2, 1, 0, 3, 1, 1, 2, 3, 3, 2, 0, 4, 3, 4, 2, 1, 0, 4, 4, 4, 1, 4, 3, 0, 0, 2, 3, 2, 2, 3, 4, 3, 4, 0, 1, 2, 3, 0, 1, 2, 2, 1, 0, 4, 4, 2, 1, 3, 3, 3, 1, 1, 3, 1, 3, 0, 4, 3, 4, 0, 3, 0, 2, 3, 0, 3, 3, 3, 1, 4, 0, 4, 1, 3, 3, 4, 4, 0, 1, 3, 1, 0, 2, 3, 3, 3, 2, 2, 3, 1, 0, 1, 3, 4, 1, 2, 0, 0, 0, 3, 4, 2, 2, 3, 3, 4, 1, 4, 0, 4, 1, 4, 3, 1, 4, 0, 3, 3, 3, 1, 4, 4, 2, 3, 3, 0, 1, 1, 0, 2, 4, 2, 4, 1, 0, 1, 2, 1, 2, 1, 3, 1, 1, 1, 3, 2, 3, 3, 4, 1, 4, 1, 1, 2, 3, 0, 1, 2, 3, 4, 3, 0, 1, 0, 0, 4, 4, 2, 1, 2, 3, 1, 4, 0, 0, 0, 4, 2, 2, 3, 0, 3, 0, 4, 2, 1, 1, 3, 0, 2, 4, 1, 1, 1, 0, 0, 4, 2, 4, 0, 2, 4, 2, 0, 1, 3, 4, 1, 4, 4, 1, 1, 0, 3, 0, 1, 4, 3, 2, 2, 3, 4, 4, 4, 4, 2, 2, 0, 3, 3, 3, 3, 3, 2, 2, 1, 2, 1, 1, 3, 1, 1, 3, 3, 1, 2, 2, 0, 4, 4, 2, 0, 2, 4, 2, 0, 0, 2, 1, 4, 1, 2, 2, 2, 0, 4, 0, 0, 0, 1, 2, 2, 2, 4, 2, 3, 3, 0, 3, 4, 2, 0, 0, 3, 2, 0, 2, 0, 0, 0, 3, 4, 1, 0, 3, 0, 2, 2, 3, 0, 2, 2, 4, 3, 4, 0, 1, 2, 1, 1, 0, 4, 3, 0, 3, 0, 3, 0, 0, 3, 1, 3, 2, 2, 4, 0, 1, 3, 4, 2, 2, 0, 1, 0, 0, 0, 1, 2, 1, 2, 4, 0, 1, 4, 3, 3, 3, 4, 3, 0, 2, 2, 4, 3, 3, 4, 2, 1, 4, 0, 4, 1, 3, 3, 4, 0, 0, 3, 3, 3, 0, 1, 1, 1, 1, 4, 1, 4, 1, 2, 0, 4, 2, 3, 2, 0, 0, 4, 3, 1, 1, 3, 2, 3, 0, 3, 2, 4, 4, 3, 3, 1, 1, 3, 2, 0, 0, 2, 1, 1, 0, 2, 0, 4, 1, 4, 1, 4, 0, 0, 4, 1, 1, 4, 4, 0, 1, 4, 1, 0, 1, 0, 3, 3, 4, 4, 2, 0, 4, 1, 2, 0, 0, 2, 0, 3, 3, 2, 2, 4, 3, 4, 1, 0, 3, 4, 2, 4, 1, 0, 3, 0, 0, 4, 1, 1, 3, 3, 3, 2, 2, 1, 4, 2, 0, 1, 3, 1, 2, 2, 4, 4, 2, 3, 3, 0, 2, 3, 0, 4, 4, 4, 4, 3, 2, 4, 1, 2, 4, 3, 1, 2, 1, 2, 2, 2, 0, 4, 4, 3, 1, 4, 4, 1, 1, 0, 2, 1, 3, 1, 0, 2, 1, 1, 3, 2, 1, 1, 4, 4, 4, 1, 4, 1, 3, 3, 1, 2, 2, 4, 1, 3, 4, 0, 3, 2, 1, 0, 0, 3, 3, 2, 1, 0, 4, 2, 2, 3, 3, 4, 2, 4, 0, 3, 3, 2, 1, 1, 1, 3, 4, 1, 4, 1, 0, 1, 3, 1, 3, 0, 0, 1, 4, 1, 2, 2, 1, 4, 2, 1, 3, 3, 4, 4, 4, 4, 1, 1, 2, 0, 3, 4, 4, 0, 0, 0, 1, 2, 3, 2, 0, 1, 1, 0, 1, 2, 4, 4, 0, 0, 4, 0, 1, 4, 0, 0, 3, 2, 2, 0, 3, 2, 1, 4, 4, 2, 3, 1, 0, 0, 0, 2, 2, 3, 3, 2, 2, 1, 4, 1, 1, 4, 1, 2, 4, 0, 3, 0, 4, 1, 3, 2, 1, 4, 0, 3, 4, 1, 0, 2, 3, 4, 1, 2, 1, 4, 3, 2, 3, 3, 2, 4, 1, 4, 3, 2, 2, 3, 0, 3, 1, 2, 0, 3, 2, 1, 2, 3, 4, 4, 1, 1, 4, 3, 0, 0, 2, 3, 2, 0, 3, 3, 4, 1, 1, 2, 2, 1, 1, 2, 4, 0, 1, 3, 4, 2, 3, 1, 1, 4, 0, 3, 4, 3, 4, 1, 0, 0, 3, 1, 2, 1, 4, 3, 2, 3, 0, 4, 3, 2, 3, 1, 0, 4, 1, 2, 0, 2, 0, 0, 4, 2, 1, 3, 3, 4, 3, 3, 1, 1, 3, 3, 1, 3, 4, 2, 3, 1, 1, 0, 2, 4, 4, 4, 1, 4, 0, 3, 4, 2, 1, 4, 0, 2, 1, 3, 1, 1, 0, 1, 4, 0, 2, 3, 0, 2, 4, 0, 3, 3, 0, 4, 2, 2, 2, 4, 4, 1, 4, 0, 1, 0, 2, 0, 3, 0, 3, 2, 4, 4, 1, 3, 2, 4, 3, 2, 2, 1, 1, 3, 4, 2, 3, 1, 1, 2, 4, 3, 2, 1, 1, 3, 0, 0, 4, 4, 2, 3, 4, 0, 0, 4, 3, 3, 0, 3, 3, 3, 0, 1, 4, 4, 0, 3, 4, 2, 2, 1, 3, 1, 4, 1, 4, 2, 3, 0, 2, 3, 3, 2, 2, 0, 0, 4, 3, 3, 4, 0, 2, 1, 4, 2, 4, 1, 4, 3, 4, 4, 3, 4, 4, 2, 4, 3, 3, 2, 4, 1, 0, 3, 4, 3, 2, 3, 2, 2, 0, 2, 2, 1, 4, 0, 2, 0, 1, 1, 2, 0, 0, 0, 3, 1, 0, 4, 2, 1, 3, 1, 2, 2, 1, 1, 4, 3, 3, 1, 0, 1, 4, 3, 0, 4, 3, 0, 4, 2, 2, 2, 3, 2, 2, 0, 0, 0, 2, 0, 1, 3, 1, 1, 4, 1, 4, 2, 1, 2, 4, 2, 1, 4, 1, 2, 3, 1, 1, 3, 2, 3, 0, 4, 4, 0, 2, 4, 4, 3, 2, 2, 3, 4, 2, 0, 2, 1, 0, 4, 2, 3, 4, 2, 2, 2, 3, 2, 4, 4, 3, 4, 2, 0, 2, 3, 3, 3, 1, 4, 1, 0, 3, 2, 1, 3, 1, 3, 0, 0, 3, 4, 1, 2, 3, 1, 1, 1, 0, 0, 0, 3, 4, 3, 3, 3, 3]

----------------------------TRAIN----------------------------


----------------------------TEST----------------------------

[[103   0   3   0   2]
 [  1 105   0   0   0]
 [  4   0 108   0   1]
 [  0   0   0  98   0]
 [  0   0   0   0  86]]
              precision    recall  f1-score   support

           0       0.95      0.95      0.95       108
           1       1.00      0.99      1.00       106
           2       0.97      0.96      0.96       113
           3       1.00      1.00      1.00        98
           4       0.97      1.00      0.98        86

    accuracy                           0.98       511
   macro avg       0.98      0.98      0.98       511
weighted avg       0.98      0.98      0.98       511


ground truth: [3, 4, 1, 3, 1, 0, 0, 2, 3, 2, 2, 2, 0, 4, 4, 2, 0, 4, 1, 2, 3, 1, 1, 4, 4, 3, 4, 2, 3, 1, 1, 2, 2, 3, 1, 1, 2, 3, 1, 3, 0, 0, 4, 0, 2, 1, 2, 1, 1, 1, 1, 1, 2, 0, 4, 2, 0, 0, 2, 4, 4, 4, 2, 2, 4, 1, 2, 3, 0, 2, 1, 3, 0, 3, 4, 2, 2, 0, 3, 1, 3, 0, 0, 4, 1, 3, 0, 0, 4, 4, 3, 2, 4, 2, 0, 3, 4, 4, 1, 1, 1, 2, 2, 2, 3, 2, 3, 0, 0, 4, 3, 4, 0, 1, 0, 2, 3, 3, 2, 4, 2, 1, 3, 0, 1, 2, 0, 3, 2, 0, 1, 2, 0, 3, 4, 0, 1, 0, 1, 0, 4, 0, 1, 1, 0, 0, 2, 3, 0, 3, 1, 2, 4, 0, 2, 3, 1, 3, 0, 4, 0, 2, 2, 2, 0, 4, 4, 4, 0, 0, 0, 1, 1, 4, 3, 1, 0, 0, 3, 2, 1, 0, 4, 0, 3, 3, 0, 1, 1, 3, 0, 4, 4, 0, 4, 2, 0, 0, 3, 3, 0, 3, 2, 4, 0, 1, 4, 3, 0, 2, 1, 0, 3, 3, 2, 4, 2, 3, 0, 4, 1, 0, 0, 0, 4, 4, 1, 2, 2, 1, 2, 1, 4, 2, 0, 0, 2, 2, 1, 0, 0, 4, 2, 3, 2, 2, 2, 3, 1, 4, 0, 2, 0, 2, 1, 1, 1, 2, 1, 2, 1, 2, 3, 4, 3, 0, 2, 0, 3, 3, 2, 4, 2, 4, 4, 1, 1, 3, 0, 0, 3, 2, 2, 4, 1, 2, 3, 2, 2, 4, 2, 1, 2, 0, 2, 0, 2, 3, 4, 3, 1, 2, 3, 3, 0, 2, 3, 4, 3, 3, 4, 3, 3, 1, 2, 0, 3, 4, 1, 0, 2, 3, 4, 2, 4, 0, 4, 4, 4, 0, 2, 1, 3, 3, 3, 2, 1, 3, 3, 0, 3, 2, 0, 4, 2, 0, 3, 1, 2, 1, 3, 1, 2, 3, 3, 0, 0, 1, 4, 0, 1, 1, 0, 1, 3, 0, 1, 1, 1, 2, 1, 3, 1, 3, 1, 2, 2, 3, 1, 0, 3, 3, 3, 1, 1, 0, 3, 2, 3, 3, 4, 0, 0, 0, 1, 3, 1, 4, 4, 0, 4, 2, 1, 1, 0, 3, 3, 2, 0, 3, 4, 0, 3, 4, 2, 2, 2, 3, 4, 2, 4, 3, 4, 1, 1, 1, 3, 1, 1, 4, 2, 1, 4, 4, 2, 0, 2, 0, 1, 0, 4, 2, 0, 1, 4, 0, 2, 0, 3, 4, 4, 3, 2, 0, 1, 1, 0, 3, 3, 2, 4, 0, 1, 1, 2, 1, 3, 4, 2, 2, 0, 2, 1, 2, 2, 0, 1, 1, 3, 0, 4, 3, 0, 2, 1, 4, 0, 2, 4, 4, 1, 2, 0, 1, 2, 1, 2, 0, 3, 4, 2, 1, 4, 1, 4, 2, 3, 1, 1, 1, 0]
prediction:   [3, 4, 1, 3, 1, 0, 2, 2, 3, 2, 2, 2, 0, 4, 4, 2, 0, 4, 1, 2, 3, 1, 1, 4, 4, 3, 4, 2, 3, 1, 1, 2, 2, 3, 1, 1, 2, 3, 1, 3, 0, 0, 4, 0, 2, 1, 2, 1, 1, 1, 1, 1, 2, 0, 4, 2, 0, 0, 2, 4, 4, 4, 2, 2, 4, 1, 4, 3, 0, 2, 1, 3, 0, 3, 4, 2, 2, 4, 3, 1, 3, 0, 0, 4, 1, 3, 0, 0, 4, 4, 3, 2, 4, 0, 0, 3, 4, 4, 1, 1, 1, 2, 2, 2, 3, 2, 3, 0, 0, 4, 3, 4, 0, 1, 0, 2, 3, 3, 2, 4, 2, 1, 3, 0, 1, 2, 0, 3, 2, 0, 1, 2, 0, 3, 4, 0, 1, 0, 1, 0, 4, 0, 1, 1, 0, 4, 2, 3, 0, 3, 1, 2, 4, 0, 2, 3, 1, 3, 2, 4, 0, 2, 2, 0, 0, 4, 4, 4, 0, 0, 0, 0, 1, 4, 3, 1, 0, 0, 3, 2, 1, 0, 4, 0, 3, 3, 0, 1, 1, 3, 0, 4, 4, 0, 4, 2, 0, 0, 3, 3, 0, 3, 2, 4, 0, 1, 4, 3, 0, 2, 1, 0, 3, 3, 2, 4, 2, 3, 0, 4, 1, 0, 0, 0, 4, 4, 1, 2, 2, 1, 2, 1, 4, 2, 0, 0, 2, 2, 1, 0, 0, 4, 2, 3, 2, 2, 2, 3, 1, 4, 0, 2, 0, 2, 1, 1, 1, 2, 1, 2, 1, 2, 3, 4, 3, 0, 2, 0, 3, 3, 2, 4, 2, 4, 4, 1, 1, 3, 0, 0, 3, 2, 2, 4, 1, 2, 3, 2, 2, 4, 2, 1, 2, 0, 2, 0, 2, 3, 4, 3, 1, 2, 3, 3, 0, 2, 3, 4, 3, 3, 4, 3, 3, 1, 0, 0, 3, 4, 1, 0, 2, 3, 4, 0, 4, 0, 4, 4, 4, 0, 2, 1, 3, 3, 3, 2, 1, 3, 3, 0, 3, 2, 0, 4, 2, 0, 3, 1, 2, 1, 3, 1, 2, 3, 3, 0, 0, 1, 4, 0, 1, 1, 0, 1, 3, 0, 1, 1, 1, 2, 1, 3, 1, 3, 1, 2, 2, 3, 1, 0, 3, 3, 3, 1, 1, 2, 3, 2, 3, 3, 4, 0, 0, 0, 1, 3, 1, 4, 4, 0, 4, 2, 1, 1, 0, 3, 3, 2, 0, 3, 4, 0, 3, 4, 2, 2, 2, 3, 4, 2, 4, 3, 4, 1, 1, 1, 3, 1, 1, 4, 2, 1, 4, 4, 2, 0, 2, 0, 1, 0, 4, 2, 0, 1, 4, 0, 2, 0, 3, 4, 4, 3, 2, 0, 1, 1, 0, 3, 3, 2, 4, 0, 1, 1, 2, 1, 3, 4, 2, 2, 0, 2, 1, 2, 2, 0, 1, 1, 3, 0, 4, 3, 0, 2, 1, 4, 0, 2, 4, 4, 1, 2, 0, 1, 2, 1, 2, 0, 3, 4, 2, 1, 4, 1, 4, 2, 3, 1, 1, 1, 0]

----------------------------TEST----------------------------


Epochs: 4             | Train Loss:  0.002             | Train Accuracy:  0.993             | Val Loss:  0.003             | Val Accuracy:  0.978

100%|██████████████████████████████████████████████████████████████████████████████████████████████████████████████████████████████████████████████████████████████████████████████████████████████████████████████████████████████████████████████████| 64/64 [36:58<00:00, 34.66s/it]


----------------------------TRAIN----------------------------

[[401   0   1   0   1]
 [  0 405   0   0   0]
 [  0   0 397   0   1]
 [  1   0   0 412   0]
 [  0   0   0   0 425]]
              precision    recall  f1-score   support

           0       1.00      1.00      1.00       403
           1       1.00      1.00      1.00       405
           2       1.00      1.00      1.00       398
           3       1.00      1.00      1.00       413
           4       1.00      1.00      1.00       425

    accuracy                           1.00      2044
   macro avg       1.00      1.00      1.00      2044
weighted avg       1.00      1.00      1.00      2044


ground truth: [4, 0, 2, 0, 4, 2, 0, 3, 3, 3, 1, 1, 1, 3, 3, 1, 3, 2, 3, 0, 1, 1, 0, 3, 1, 0, 1, 2, 0, 1, 3, 3, 1, 2, 4, 1, 4, 1, 0, 2, 2, 0, 4, 3, 1, 3, 2, 3, 1, 3, 0, 3, 4, 2, 4, 3, 4, 0, 1, 0, 2, 4, 0, 3, 4, 1, 2, 0, 3, 2, 3, 4, 0, 0, 4, 1, 1, 3, 2, 3, 2, 4, 4, 4, 1, 4, 2, 2, 0, 0, 0, 4, 2, 3, 2, 0, 1, 3, 3, 1, 1, 1, 1, 0, 2, 0, 1, 3, 0, 2, 4, 4, 1, 2, 3, 0, 2, 1, 3, 2, 4, 0, 0, 1, 2, 0, 0, 2, 4, 0, 1, 4, 2, 2, 0, 3, 1, 0, 2, 4, 2, 3, 1, 2, 3, 0, 3, 4, 2, 0, 1, 3, 0, 0, 4, 3, 0, 0, 4, 4, 1, 2, 2, 4, 4, 3, 3, 4, 4, 2, 1, 3, 4, 0, 1, 4, 3, 0, 2, 3, 3, 2, 4, 3, 2, 0, 0, 4, 2, 0, 3, 0, 2, 0, 4, 4, 0, 1, 1, 4, 2, 4, 3, 1, 4, 2, 2, 0, 3, 2, 1, 4, 0, 3, 1, 3, 4, 2, 0, 4, 4, 4, 4, 1, 0, 2, 0, 1, 4, 0, 0, 3, 2, 0, 0, 4, 4, 3, 0, 4, 3, 2, 3, 4, 2, 0, 1, 0, 2, 2, 3, 4, 4, 4, 2, 1, 1, 2, 3, 2, 2, 2, 3, 1, 1, 4, 2, 3, 4, 3, 4, 2, 4, 0, 0, 4, 0, 4, 0, 4, 1, 0, 4, 2, 4, 4, 4, 1, 1, 1, 3, 2, 3, 2, 0, 4, 0, 0, 3, 1, 0, 1, 0, 1, 3, 3, 4, 0, 1, 4, 4, 0, 1, 0, 1, 0, 1, 0, 2, 1, 4, 2, 3, 2, 1, 3, 1, 1, 1, 4, 0, 1, 1, 3, 2, 0, 3, 0, 3, 2, 0, 3, 4, 2, 4, 4, 2, 1, 3, 0, 2, 4, 2, 3, 2, 4, 3, 1, 1, 0, 4, 1, 4, 0, 1, 1, 3, 1, 4, 0, 1, 3, 2, 1, 1, 0, 1, 0, 1, 3, 0, 4, 2, 4, 0, 2, 3, 1, 4, 4, 0, 1, 0, 2, 2, 1, 4, 1, 0, 2, 0, 0, 0, 2, 4, 2, 1, 2, 4, 4, 2, 3, 2, 0, 2, 1, 2, 1, 2, 2, 2, 0, 1, 1, 2, 0, 4, 3, 4, 1, 0, 0, 3, 3, 2, 3, 1, 0, 1, 4, 2, 4, 3, 3, 3, 0, 2, 3, 4, 3, 2, 1, 1, 4, 1, 1, 4, 0, 4, 4, 0, 1, 4, 2, 1, 1, 2, 1, 1, 4, 2, 0, 3, 0, 0, 1, 3, 0, 0, 1, 1, 2, 0, 0, 1, 0, 0, 0, 3, 4, 3, 3, 4, 4, 3, 0, 1, 1, 1, 0, 4, 0, 0, 4, 0, 3, 2, 3, 2, 2, 4, 3, 4, 4, 2, 2, 1, 3, 0, 2, 3, 0, 1, 4, 1, 0, 0, 3, 4, 0, 4, 4, 1, 1, 1, 1, 4, 4, 2, 2, 1, 1, 0, 3, 0, 1, 3, 2, 1, 4, 0, 2, 0, 0, 3, 3, 3, 4, 4, 2, 3, 0, 3, 0, 4, 2, 3, 3, 1, 3, 4, 1, 1, 0, 0, 1, 1, 3, 4, 2, 0, 4, 2, 4, 4, 0, 2, 4, 3, 2, 0, 1, 0, 1, 1, 3, 0, 4, 2, 0, 3, 3, 4, 4, 4, 0, 0, 4, 4, 1, 4, 4, 1, 4, 1, 2, 2, 0, 1, 3, 4, 2, 3, 3, 3, 4, 2, 4, 3, 1, 0, 4, 0, 4, 4, 0, 4, 2, 4, 4, 1, 3, 3, 2, 4, 4, 4, 1, 3, 0, 2, 3, 4, 3, 4, 4, 3, 2, 0, 3, 3, 3, 4, 0, 1, 1, 2, 3, 2, 1, 2, 1, 1, 2, 2, 2, 1, 0, 0, 1, 1, 4, 4, 2, 1, 1, 0, 3, 1, 2, 3, 2, 1, 3, 0, 3, 2, 2, 1, 0, 4, 0, 3, 3, 1, 3, 2, 0, 2, 1, 4, 2, 4, 0, 0, 2, 2, 3, 1, 0, 0, 2, 1, 3, 4, 1, 2, 1, 0, 0, 1, 0, 1, 0, 1, 0, 3, 2, 2, 4, 4, 1, 3, 1, 3, 4, 0, 4, 3, 2, 4, 4, 4, 2, 3, 4, 1, 4, 3, 2, 1, 0, 0, 2, 3, 2, 0, 4, 4, 4, 0, 4, 2, 1, 1, 4, 2, 0, 0, 0, 2, 0, 4, 0, 2, 4, 2, 3, 1, 1, 2, 2, 1, 2, 4, 2, 2, 4, 2, 0, 1, 3, 2, 1, 1, 3, 0, 0, 1, 4, 4, 2, 1, 4, 1, 4, 2, 4, 2, 0, 0, 2, 1, 0, 4, 4, 3, 2, 1, 1, 1, 3, 1, 2, 0, 0, 4, 4, 1, 0, 0, 1, 1, 0, 4, 3, 3, 0, 0, 2, 1, 1, 3, 1, 4, 0, 2, 0, 2, 0, 3, 4, 3, 4, 2, 3, 3, 4, 4, 1, 0, 1, 4, 0, 2, 4, 4, 0, 1, 0, 0, 1, 1, 3, 1, 3, 1, 3, 4, 4, 0, 3, 0, 2, 4, 1, 3, 3, 4, 4, 4, 0, 4, 1, 3, 4, 3, 1, 2, 2, 3, 3, 2, 1, 1, 2, 0, 2, 3, 3, 0, 4, 1, 2, 3, 0, 1, 2, 0, 4, 0, 1, 0, 3, 4, 2, 2, 0, 1, 4, 2, 1, 2, 4, 1, 0, 3, 3, 4, 2, 4, 0, 2, 0, 2, 3, 1, 1, 0, 2, 4, 1, 4, 4, 1, 2, 3, 1, 2, 2, 3, 3, 0, 1, 0, 0, 0, 3, 1, 2, 3, 3, 2, 3, 4, 4, 2, 1, 4, 0, 0, 2, 4, 3, 3, 3, 2, 2, 1, 3, 3, 1, 3, 2, 4, 3, 3, 0, 4, 4, 4, 0, 3, 0, 0, 3, 0, 1, 4, 3, 4, 4, 0, 4, 3, 3, 2, 3, 2, 4, 1, 0, 0, 2, 4, 3, 1, 4, 1, 3, 3, 4, 3, 2, 4, 4, 2, 3, 3, 3, 0, 1, 3, 2, 4, 2, 3, 4, 1, 0, 2, 0, 0, 2, 0, 2, 0, 4, 0, 2, 3, 4, 4, 1, 4, 3, 4, 3, 3, 4, 0, 1, 3, 1, 2, 1, 1, 3, 1, 1, 2, 2, 1, 0, 3, 2, 0, 3, 3, 4, 4, 4, 1, 0, 2, 2, 4, 1, 0, 4, 2, 2, 1, 3, 4, 3, 0, 1, 3, 2, 1, 0, 4, 2, 3, 3, 2, 0, 0, 4, 4, 2, 3, 2, 3, 0, 0, 2, 0, 2, 4, 0, 4, 2, 4, 3, 3, 1, 4, 1, 2, 4, 3, 4, 0, 3, 4, 3, 0, 4, 1, 0, 3, 4, 2, 2, 1, 1, 0, 4, 0, 4, 2, 3, 0, 3, 4, 3, 2, 2, 2, 2, 4, 0, 1, 2, 3, 0, 4, 2, 0, 1, 2, 3, 3, 2, 2, 4, 2, 0, 0, 0, 0, 3, 4, 1, 2, 3, 3, 0, 4, 2, 4, 1, 4, 4, 1, 0, 4, 4, 0, 3, 2, 4, 3, 0, 4, 3, 1, 4, 2, 0, 2, 3, 3, 1, 3, 3, 0, 4, 1, 3, 1, 0, 2, 1, 2, 1, 2, 1, 4, 1, 0, 4, 4, 0, 2, 3, 2, 3, 0, 3, 2, 1, 1, 2, 2, 4, 1, 3, 4, 4, 0, 2, 2, 4, 3, 0, 1, 0, 1, 2, 4, 2, 3, 0, 1, 3, 2, 4, 1, 1, 2, 4, 3, 0, 4, 0, 3, 0, 2, 1, 1, 3, 1, 1, 2, 2, 0, 0, 1, 1, 3, 4, 0, 3, 4, 3, 2, 1, 4, 1, 4, 4, 3, 4, 0, 2, 3, 1, 3, 1, 3, 2, 3, 3, 1, 3, 3, 4, 0, 3, 2, 0, 0, 0, 3, 1, 3, 2, 3, 3, 3, 2, 4, 3, 0, 4, 3, 3, 1, 4, 2, 4, 4, 2, 1, 2, 2, 4, 0, 0, 0, 0, 2, 4, 0, 1, 4, 2, 1, 4, 3, 3, 1, 1, 1, 4, 0, 4, 1, 2, 3, 3, 4, 2, 3, 1, 2, 1, 4, 3, 1, 4, 3, 3, 4, 2, 0, 4, 3, 2, 3, 0, 3, 0, 4, 4, 4, 1, 3, 0, 1, 0, 4, 0, 1, 3, 0, 0, 4, 0, 3, 2, 2, 2, 4, 1, 0, 2, 2, 3, 3, 2, 2, 0, 4, 0, 4, 1, 4, 3, 2, 3, 4, 1, 4, 2, 3, 0, 3, 0, 2, 3, 3, 2, 0, 3, 0, 1, 1, 4, 3, 1, 0, 1, 1, 2, 2, 1, 2, 2, 3, 1, 0, 0, 0, 0, 2, 1, 4, 1, 4, 4, 0, 4, 4, 0, 0, 4, 0, 1, 4, 1, 1, 0, 2, 3, 3, 4, 1, 0, 1, 3, 0, 0, 2, 4, 4, 0, 1, 1, 1, 4, 0, 2, 0, 0, 4, 0, 3, 2, 2, 1, 1, 0, 4, 1, 2, 2, 3, 0, 1, 2, 1, 3, 2, 4, 1, 0, 2, 3, 3, 2, 4, 3, 4, 2, 3, 3, 0, 2, 4, 4, 4, 3, 3, 2, 3, 4, 3, 1, 2, 3, 2, 2, 4, 1, 2, 3, 1, 4, 0, 2, 3, 4, 1, 2, 1, 4, 4, 3, 2, 0, 1, 0, 4, 1, 4, 3, 1, 1, 4, 4, 4, 3, 1, 0, 0, 0, 4, 0, 2, 1, 4, 0, 2, 1, 2, 1, 4, 2, 1, 0, 2, 2, 2, 1, 3, 3, 2, 0, 0, 2, 0, 3, 4, 1, 2, 1, 3, 2, 3, 2, 2, 4, 4, 0, 4, 3, 1, 2, 4, 2, 3, 1, 0, 2, 2, 4, 2, 2, 0, 1, 4, 3, 0, 2, 1, 0, 3, 1, 1, 4, 0, 4, 0, 1, 4, 2, 1, 2, 4, 3, 0, 2, 3, 4, 3, 2, 1, 3, 1, 0, 1, 2, 0, 0, 0, 4, 3, 2, 1, 3, 3, 1, 4, 3, 2, 4, 3, 0, 4, 1, 2, 2, 1, 0, 3, 4, 2, 0, 4, 4, 3, 1, 1, 1, 1, 3, 1, 3, 2, 4, 2, 1, 0, 3, 0, 0, 2, 4, 0, 3, 0, 2, 4, 4, 0, 1, 1, 3, 3, 0, 3, 4, 0, 0, 3, 0, 0, 3, 0, 2, 1, 3, 2, 4, 1, 0, 1, 3, 4, 3, 2, 0, 2, 2, 3, 2, 2, 0, 3, 2, 4, 1, 3, 2, 3, 1, 0, 3, 4, 2, 3, 1, 3, 3, 1, 3, 0, 4, 4, 3, 4, 4, 0, 3, 4, 0, 2, 4, 2, 1, 3, 0, 0, 1, 2, 2, 4, 1, 1, 1, 4, 0, 3, 3, 4, 0, 4, 2, 1, 3, 1, 3, 3, 3, 2, 3, 0, 4, 2, 0, 0, 2, 4, 1, 0, 4, 4, 1, 4, 1, 0, 2, 2, 0, 3, 3, 4, 3, 4, 3, 2, 3, 1, 1, 3, 3, 0, 4, 4, 1, 2, 1, 4, 2, 3, 4, 4, 1, 2, 4, 4, 3, 1, 2, 4, 3, 2, 2, 3, 1, 3, 1, 3, 2, 3, 1, 1, 1, 3, 3, 0, 4, 4, 0, 2, 1, 1, 4, 1, 4, 0, 1, 3, 4, 2, 1, 0, 0, 4, 2, 1, 2, 1, 4, 4, 2, 3, 3, 0, 3, 1, 3, 3, 0, 0, 0, 1, 3, 4, 1, 1, 0, 1, 2, 4, 4, 3, 3, 3, 0, 3, 2, 3, 3, 0, 2, 2, 3, 1, 3, 1, 0, 3, 0, 1, 0, 2, 4, 0, 1, 1, 1, 2, 3, 3, 1, 1, 2, 3, 3, 0, 1, 2, 2, 2, 4, 1, 3, 4, 4, 3, 1, 4, 4, 2, 4, 3, 0, 2, 4, 1, 0, 4, 0, 3, 3, 0, 3, 1, 2, 3, 0, 2, 1, 0, 1, 4, 4, 1, 2, 3, 3, 2, 1, 2, 1, 2, 3, 1, 2, 4, 2, 4, 4, 0, 3, 1, 3, 0, 1]
prediction:   [4, 0, 2, 0, 4, 2, 0, 3, 3, 3, 1, 1, 1, 3, 3, 1, 3, 2, 3, 0, 1, 1, 0, 3, 1, 0, 1, 2, 0, 1, 3, 3, 1, 2, 4, 1, 4, 1, 0, 2, 2, 0, 4, 3, 1, 3, 2, 3, 1, 3, 0, 3, 4, 2, 4, 3, 4, 0, 1, 0, 2, 4, 0, 3, 4, 1, 2, 0, 3, 2, 3, 4, 0, 0, 4, 1, 1, 3, 2, 3, 2, 4, 4, 4, 1, 4, 2, 2, 0, 0, 0, 4, 2, 3, 2, 0, 1, 3, 3, 1, 1, 1, 1, 0, 2, 0, 1, 3, 0, 2, 4, 4, 1, 2, 3, 0, 2, 1, 3, 2, 4, 0, 0, 1, 2, 0, 0, 2, 4, 0, 1, 4, 2, 2, 0, 3, 1, 0, 2, 4, 2, 3, 1, 2, 3, 0, 3, 4, 2, 0, 1, 3, 0, 0, 4, 3, 0, 0, 4, 4, 1, 2, 2, 4, 4, 3, 3, 4, 4, 2, 1, 3, 4, 0, 1, 4, 3, 0, 2, 3, 3, 2, 4, 3, 2, 0, 0, 4, 2, 0, 0, 0, 2, 0, 4, 4, 0, 1, 1, 4, 2, 4, 3, 1, 4, 2, 2, 0, 3, 2, 1, 4, 0, 3, 1, 3, 4, 2, 0, 4, 4, 4, 4, 1, 0, 2, 0, 1, 4, 0, 0, 3, 2, 0, 0, 4, 4, 3, 0, 4, 3, 2, 3, 4, 2, 0, 1, 0, 2, 2, 3, 4, 4, 4, 2, 1, 1, 2, 3, 2, 2, 2, 3, 1, 1, 4, 2, 3, 4, 3, 4, 2, 4, 0, 0, 4, 0, 4, 0, 4, 1, 0, 4, 2, 4, 4, 4, 1, 1, 1, 3, 2, 3, 2, 0, 4, 0, 0, 3, 1, 0, 1, 0, 1, 3, 3, 4, 0, 1, 4, 4, 0, 1, 0, 1, 0, 1, 0, 2, 1, 4, 2, 3, 2, 1, 3, 1, 1, 1, 4, 0, 1, 1, 3, 2, 0, 3, 0, 3, 2, 0, 3, 4, 2, 4, 4, 2, 1, 3, 0, 2, 4, 2, 3, 2, 4, 3, 1, 1, 0, 4, 1, 4, 0, 1, 1, 3, 1, 4, 0, 1, 3, 2, 1, 1, 0, 1, 0, 1, 3, 0, 4, 2, 4, 0, 2, 3, 1, 4, 4, 0, 1, 0, 2, 2, 1, 4, 1, 0, 2, 0, 0, 0, 2, 4, 2, 1, 2, 4, 4, 2, 3, 2, 0, 2, 1, 2, 1, 2, 2, 2, 0, 1, 1, 2, 0, 4, 3, 4, 1, 0, 0, 3, 3, 2, 3, 1, 0, 1, 4, 2, 4, 3, 3, 3, 0, 2, 3, 4, 3, 2, 1, 1, 4, 1, 1, 4, 0, 4, 4, 0, 1, 4, 2, 1, 1, 2, 1, 1, 4, 2, 0, 3, 0, 0, 1, 3, 0, 0, 1, 1, 2, 0, 0, 1, 0, 0, 0, 3, 4, 3, 3, 4, 4, 3, 0, 1, 1, 1, 0, 4, 0, 0, 4, 0, 3, 2, 3, 2, 2, 4, 3, 4, 4, 2, 2, 1, 3, 0, 2, 3, 0, 1, 4, 1, 0, 0, 3, 4, 0, 4, 4, 1, 1, 1, 1, 4, 4, 2, 2, 1, 1, 0, 3, 0, 1, 3, 2, 1, 4, 0, 2, 0, 0, 3, 3, 3, 4, 4, 2, 3, 0, 3, 0, 4, 2, 3, 3, 1, 3, 4, 1, 1, 0, 0, 1, 1, 3, 4, 2, 0, 4, 2, 4, 4, 0, 2, 4, 3, 2, 0, 1, 0, 1, 1, 3, 0, 4, 2, 0, 3, 3, 4, 4, 4, 2, 0, 4, 4, 1, 4, 4, 1, 4, 1, 2, 2, 0, 1, 3, 4, 2, 3, 3, 3, 4, 2, 4, 3, 1, 0, 4, 0, 4, 4, 0, 4, 2, 4, 4, 1, 3, 3, 2, 4, 4, 4, 1, 3, 0, 2, 3, 4, 3, 4, 4, 3, 2, 0, 3, 3, 3, 4, 0, 1, 1, 2, 3, 2, 1, 2, 1, 1, 2, 2, 2, 1, 0, 0, 1, 1, 4, 4, 2, 1, 1, 0, 3, 1, 2, 3, 2, 1, 3, 0, 3, 2, 2, 1, 0, 4, 0, 3, 3, 1, 3, 2, 0, 2, 1, 4, 2, 4, 0, 0, 2, 2, 3, 1, 0, 0, 2, 1, 3, 4, 1, 2, 1, 0, 0, 1, 0, 1, 0, 1, 0, 3, 2, 2, 4, 4, 1, 3, 1, 3, 4, 0, 4, 3, 2, 4, 4, 4, 2, 3, 4, 1, 4, 3, 2, 1, 0, 0, 2, 3, 2, 0, 4, 4, 4, 0, 4, 2, 1, 1, 4, 2, 0, 0, 0, 2, 0, 4, 0, 2, 4, 2, 3, 1, 1, 2, 2, 1, 2, 4, 2, 2, 4, 2, 0, 1, 3, 2, 1, 1, 3, 0, 0, 1, 4, 4, 2, 1, 4, 1, 4, 2, 4, 2, 0, 0, 2, 1, 0, 4, 4, 3, 2, 1, 1, 1, 3, 1, 2, 0, 0, 4, 4, 1, 0, 0, 1, 1, 0, 4, 3, 3, 0, 0, 2, 1, 1, 3, 1, 4, 0, 2, 0, 2, 0, 3, 4, 3, 4, 2, 3, 3, 4, 4, 1, 0, 1, 4, 0, 2, 4, 4, 0, 1, 0, 0, 1, 1, 3, 1, 3, 1, 3, 4, 4, 0, 3, 0, 2, 4, 1, 3, 3, 4, 4, 4, 0, 4, 1, 3, 4, 3, 1, 2, 2, 3, 3, 2, 1, 1, 2, 4, 2, 3, 3, 0, 4, 1, 2, 3, 0, 1, 2, 0, 4, 0, 1, 0, 3, 4, 2, 2, 0, 1, 4, 2, 1, 2, 4, 1, 0, 3, 3, 4, 2, 4, 0, 2, 0, 2, 3, 1, 1, 0, 2, 4, 1, 4, 4, 1, 2, 3, 1, 2, 2, 3, 3, 0, 1, 0, 0, 0, 3, 1, 2, 3, 3, 2, 3, 4, 4, 2, 1, 4, 0, 0, 2, 4, 3, 3, 3, 2, 2, 1, 3, 3, 1, 3, 2, 4, 3, 3, 0, 4, 4, 4, 0, 3, 0, 0, 3, 0, 1, 4, 3, 4, 4, 0, 4, 3, 3, 2, 3, 2, 4, 1, 0, 0, 2, 4, 3, 1, 4, 1, 3, 3, 4, 3, 2, 4, 4, 2, 3, 3, 3, 0, 1, 3, 2, 4, 2, 3, 4, 1, 0, 2, 0, 0, 2, 0, 2, 0, 4, 0, 2, 3, 4, 4, 1, 4, 3, 4, 3, 3, 4, 0, 1, 3, 1, 2, 1, 1, 3, 1, 1, 2, 2, 1, 0, 3, 2, 0, 3, 3, 4, 4, 4, 1, 0, 2, 2, 4, 1, 0, 4, 2, 2, 1, 3, 4, 3, 0, 1, 3, 2, 1, 0, 4, 2, 3, 3, 2, 0, 0, 4, 4, 2, 3, 2, 3, 0, 0, 2, 0, 2, 4, 0, 4, 2, 4, 3, 3, 1, 4, 1, 2, 4, 3, 4, 0, 3, 4, 3, 0, 4, 1, 0, 3, 4, 2, 2, 1, 1, 0, 4, 0, 4, 2, 3, 0, 3, 4, 3, 2, 2, 2, 2, 4, 0, 1, 2, 3, 0, 4, 2, 0, 1, 2, 3, 3, 2, 2, 4, 2, 0, 0, 0, 0, 3, 4, 1, 2, 3, 3, 0, 4, 2, 4, 1, 4, 4, 1, 0, 4, 4, 0, 3, 2, 4, 3, 0, 4, 3, 1, 4, 2, 0, 2, 3, 3, 1, 3, 3, 0, 4, 1, 3, 1, 0, 2, 1, 2, 1, 2, 1, 4, 1, 0, 4, 4, 0, 2, 3, 2, 3, 0, 3, 2, 1, 1, 2, 2, 4, 1, 3, 4, 4, 0, 2, 2, 4, 3, 0, 1, 0, 1, 2, 4, 2, 3, 0, 1, 3, 2, 4, 1, 1, 2, 4, 3, 0, 4, 0, 3, 0, 2, 1, 1, 3, 1, 1, 2, 2, 0, 0, 1, 1, 3, 4, 0, 3, 4, 3, 2, 1, 4, 1, 4, 4, 3, 4, 0, 2, 3, 1, 3, 1, 3, 2, 3, 3, 1, 3, 3, 4, 0, 3, 2, 0, 0, 0, 3, 1, 3, 2, 3, 3, 3, 2, 4, 3, 0, 4, 3, 3, 1, 4, 2, 4, 4, 2, 1, 2, 2, 4, 0, 0, 0, 0, 2, 4, 0, 1, 4, 2, 1, 4, 3, 3, 1, 1, 1, 4, 0, 4, 1, 2, 3, 3, 4, 2, 3, 1, 2, 1, 4, 3, 1, 4, 3, 3, 4, 2, 0, 4, 3, 2, 3, 0, 3, 0, 4, 4, 4, 1, 3, 0, 1, 0, 4, 0, 1, 3, 0, 0, 4, 0, 3, 2, 2, 2, 4, 1, 0, 2, 2, 3, 3, 2, 2, 0, 4, 0, 4, 1, 4, 3, 2, 3, 4, 1, 4, 2, 3, 0, 3, 0, 2, 3, 3, 2, 0, 3, 0, 1, 1, 4, 3, 1, 0, 1, 1, 2, 2, 1, 2, 2, 3, 1, 0, 0, 0, 0, 2, 1, 4, 1, 4, 4, 0, 4, 4, 0, 0, 4, 0, 1, 4, 1, 1, 0, 2, 3, 3, 4, 1, 0, 1, 3, 0, 0, 2, 4, 4, 0, 1, 1, 1, 4, 0, 2, 0, 0, 4, 0, 3, 2, 2, 1, 1, 0, 4, 1, 2, 2, 3, 0, 1, 2, 1, 3, 2, 4, 1, 0, 2, 3, 3, 2, 4, 3, 4, 2, 3, 3, 0, 2, 4, 4, 4, 3, 3, 2, 3, 4, 3, 1, 2, 3, 2, 2, 4, 1, 2, 3, 1, 4, 0, 2, 3, 4, 1, 2, 1, 4, 4, 3, 2, 0, 1, 0, 4, 1, 4, 3, 1, 1, 4, 4, 4, 3, 1, 0, 0, 0, 4, 0, 2, 1, 4, 0, 2, 1, 2, 1, 4, 2, 1, 0, 2, 2, 2, 1, 3, 3, 2, 0, 0, 2, 0, 3, 4, 1, 2, 1, 3, 2, 3, 2, 2, 4, 4, 0, 4, 3, 1, 2, 4, 2, 3, 1, 0, 2, 2, 4, 2, 2, 0, 1, 4, 3, 0, 2, 1, 0, 3, 1, 1, 4, 0, 4, 0, 1, 4, 2, 1, 2, 4, 3, 0, 2, 3, 4, 3, 2, 1, 3, 1, 0, 1, 2, 0, 0, 0, 4, 3, 2, 1, 3, 3, 1, 4, 3, 2, 4, 3, 0, 4, 1, 2, 2, 1, 0, 3, 4, 2, 0, 4, 4, 3, 1, 1, 1, 1, 3, 1, 3, 2, 4, 2, 1, 0, 3, 0, 0, 2, 4, 0, 3, 0, 2, 4, 4, 0, 1, 1, 3, 3, 0, 3, 4, 0, 0, 3, 0, 0, 3, 0, 2, 1, 3, 2, 4, 1, 0, 1, 3, 4, 3, 2, 0, 2, 2, 3, 2, 2, 0, 3, 2, 4, 1, 3, 2, 3, 1, 0, 3, 4, 2, 3, 1, 3, 3, 1, 3, 0, 4, 4, 3, 4, 4, 0, 3, 4, 0, 2, 4, 2, 1, 3, 0, 0, 1, 4, 2, 4, 1, 1, 1, 4, 0, 3, 3, 4, 0, 4, 2, 1, 3, 1, 3, 3, 3, 2, 3, 0, 4, 2, 0, 0, 2, 4, 1, 0, 4, 4, 1, 4, 1, 0, 2, 2, 0, 3, 3, 4, 3, 4, 3, 2, 3, 1, 1, 3, 3, 0, 4, 4, 1, 2, 1, 4, 2, 3, 4, 4, 1, 2, 4, 4, 3, 1, 2, 4, 3, 2, 2, 3, 1, 3, 1, 3, 2, 3, 1, 1, 1, 3, 3, 0, 4, 4, 0, 2, 1, 1, 4, 1, 4, 0, 1, 3, 4, 2, 1, 0, 0, 4, 2, 1, 2, 1, 4, 4, 2, 3, 3, 0, 3, 1, 3, 3, 0, 0, 0, 1, 3, 4, 1, 1, 0, 1, 2, 4, 4, 3, 3, 3, 0, 3, 2, 3, 3, 0, 2, 2, 3, 1, 3, 1, 0, 3, 0, 1, 0, 2, 4, 0, 1, 1, 1, 2, 3, 3, 1, 1, 2, 3, 3, 0, 1, 2, 2, 2, 4, 1, 3, 4, 4, 3, 1, 4, 4, 2, 4, 3, 0, 2, 4, 1, 0, 4, 0, 3, 3, 0, 3, 1, 2, 3, 0, 2, 1, 0, 1, 4, 4, 1, 2, 3, 3, 2, 1, 2, 1, 2, 3, 1, 2, 4, 2, 4, 4, 0, 3, 1, 3, 0, 1]

----------------------------TRAIN----------------------------


----------------------------TEST----------------------------

[[103   0   3   0   2]
 [  1 105   0   0   0]
 [  2   0 110   0   1]
 [  0   0   0  98   0]
 [  0   0   0   0  86]]
              precision    recall  f1-score   support

           0       0.97      0.95      0.96       108
           1       1.00      0.99      1.00       106
           2       0.97      0.97      0.97       113
           3       1.00      1.00      1.00        98
           4       0.97      1.00      0.98        86

    accuracy                           0.98       511
   macro avg       0.98      0.98      0.98       511
weighted avg       0.98      0.98      0.98       511


ground truth: [3, 4, 1, 3, 1, 0, 0, 2, 3, 2, 2, 2, 0, 4, 4, 2, 0, 4, 1, 2, 3, 1, 1, 4, 4, 3, 4, 2, 3, 1, 1, 2, 2, 3, 1, 1, 2, 3, 1, 3, 0, 0, 4, 0, 2, 1, 2, 1, 1, 1, 1, 1, 2, 0, 4, 2, 0, 0, 2, 4, 4, 4, 2, 2, 4, 1, 2, 3, 0, 2, 1, 3, 0, 3, 4, 2, 2, 0, 3, 1, 3, 0, 0, 4, 1, 3, 0, 0, 4, 4, 3, 2, 4, 2, 0, 3, 4, 4, 1, 1, 1, 2, 2, 2, 3, 2, 3, 0, 0, 4, 3, 4, 0, 1, 0, 2, 3, 3, 2, 4, 2, 1, 3, 0, 1, 2, 0, 3, 2, 0, 1, 2, 0, 3, 4, 0, 1, 0, 1, 0, 4, 0, 1, 1, 0, 0, 2, 3, 0, 3, 1, 2, 4, 0, 2, 3, 1, 3, 0, 4, 0, 2, 2, 2, 0, 4, 4, 4, 0, 0, 0, 1, 1, 4, 3, 1, 0, 0, 3, 2, 1, 0, 4, 0, 3, 3, 0, 1, 1, 3, 0, 4, 4, 0, 4, 2, 0, 0, 3, 3, 0, 3, 2, 4, 0, 1, 4, 3, 0, 2, 1, 0, 3, 3, 2, 4, 2, 3, 0, 4, 1, 0, 0, 0, 4, 4, 1, 2, 2, 1, 2, 1, 4, 2, 0, 0, 2, 2, 1, 0, 0, 4, 2, 3, 2, 2, 2, 3, 1, 4, 0, 2, 0, 2, 1, 1, 1, 2, 1, 2, 1, 2, 3, 4, 3, 0, 2, 0, 3, 3, 2, 4, 2, 4, 4, 1, 1, 3, 0, 0, 3, 2, 2, 4, 1, 2, 3, 2, 2, 4, 2, 1, 2, 0, 2, 0, 2, 3, 4, 3, 1, 2, 3, 3, 0, 2, 3, 4, 3, 3, 4, 3, 3, 1, 2, 0, 3, 4, 1, 0, 2, 3, 4, 2, 4, 0, 4, 4, 4, 0, 2, 1, 3, 3, 3, 2, 1, 3, 3, 0, 3, 2, 0, 4, 2, 0, 3, 1, 2, 1, 3, 1, 2, 3, 3, 0, 0, 1, 4, 0, 1, 1, 0, 1, 3, 0, 1, 1, 1, 2, 1, 3, 1, 3, 1, 2, 2, 3, 1, 0, 3, 3, 3, 1, 1, 0, 3, 2, 3, 3, 4, 0, 0, 0, 1, 3, 1, 4, 4, 0, 4, 2, 1, 1, 0, 3, 3, 2, 0, 3, 4, 0, 3, 4, 2, 2, 2, 3, 4, 2, 4, 3, 4, 1, 1, 1, 3, 1, 1, 4, 2, 1, 4, 4, 2, 0, 2, 0, 1, 0, 4, 2, 0, 1, 4, 0, 2, 0, 3, 4, 4, 3, 2, 0, 1, 1, 0, 3, 3, 2, 4, 0, 1, 1, 2, 1, 3, 4, 2, 2, 0, 2, 1, 2, 2, 0, 1, 1, 3, 0, 4, 3, 0, 2, 1, 4, 0, 2, 4, 4, 1, 2, 0, 1, 2, 1, 2, 0, 3, 4, 2, 1, 4, 1, 4, 2, 3, 1, 1, 1, 0]
prediction:   [3, 4, 1, 3, 1, 0, 2, 2, 3, 2, 2, 2, 0, 4, 4, 2, 0, 4, 1, 2, 3, 1, 1, 4, 4, 3, 4, 2, 3, 1, 1, 2, 2, 3, 1, 1, 2, 3, 1, 3, 0, 0, 4, 0, 2, 1, 2, 1, 1, 1, 1, 1, 2, 0, 4, 2, 0, 0, 2, 4, 4, 4, 2, 2, 4, 1, 4, 3, 0, 2, 1, 3, 0, 3, 4, 2, 2, 4, 3, 1, 3, 0, 0, 4, 1, 3, 0, 0, 4, 4, 3, 2, 4, 0, 0, 3, 4, 4, 1, 1, 1, 2, 2, 2, 3, 2, 3, 0, 0, 4, 3, 4, 0, 1, 0, 2, 3, 3, 2, 4, 2, 1, 3, 0, 1, 2, 0, 3, 2, 0, 1, 2, 0, 3, 4, 0, 1, 0, 1, 0, 4, 0, 1, 1, 0, 4, 2, 3, 0, 3, 1, 2, 4, 0, 2, 3, 1, 3, 2, 4, 0, 2, 2, 0, 0, 4, 4, 4, 0, 0, 0, 0, 1, 4, 3, 1, 0, 0, 3, 2, 1, 0, 4, 0, 3, 3, 0, 1, 1, 3, 0, 4, 4, 0, 4, 2, 0, 0, 3, 3, 0, 3, 2, 4, 0, 1, 4, 3, 0, 2, 1, 0, 3, 3, 2, 4, 2, 3, 0, 4, 1, 0, 0, 0, 4, 4, 1, 2, 2, 1, 2, 1, 4, 2, 0, 0, 2, 2, 1, 0, 0, 4, 2, 3, 2, 2, 2, 3, 1, 4, 0, 2, 0, 2, 1, 1, 1, 2, 1, 2, 1, 2, 3, 4, 3, 0, 2, 0, 3, 3, 2, 4, 2, 4, 4, 1, 1, 3, 0, 0, 3, 2, 2, 4, 1, 2, 3, 2, 2, 4, 2, 1, 2, 0, 2, 0, 2, 3, 4, 3, 1, 2, 3, 3, 0, 2, 3, 4, 3, 3, 4, 3, 3, 1, 2, 0, 3, 4, 1, 0, 2, 3, 4, 2, 4, 0, 4, 4, 4, 0, 2, 1, 3, 3, 3, 2, 1, 3, 3, 0, 3, 2, 0, 4, 2, 0, 3, 1, 2, 1, 3, 1, 2, 3, 3, 0, 0, 1, 4, 0, 1, 1, 0, 1, 3, 0, 1, 1, 1, 2, 1, 3, 1, 3, 1, 2, 2, 3, 1, 0, 3, 3, 3, 1, 1, 2, 3, 2, 3, 3, 4, 0, 0, 0, 1, 3, 1, 4, 4, 0, 4, 2, 1, 1, 0, 3, 3, 2, 0, 3, 4, 0, 3, 4, 2, 2, 2, 3, 4, 2, 4, 3, 4, 1, 1, 1, 3, 1, 1, 4, 2, 1, 4, 4, 2, 0, 2, 0, 1, 0, 4, 2, 0, 1, 4, 0, 2, 0, 3, 4, 4, 3, 2, 0, 1, 1, 0, 3, 3, 2, 4, 0, 1, 1, 2, 1, 3, 4, 2, 2, 0, 2, 1, 2, 2, 0, 1, 1, 3, 0, 4, 3, 0, 2, 1, 4, 0, 2, 4, 4, 1, 2, 0, 1, 2, 1, 2, 0, 3, 4, 2, 1, 4, 1, 4, 2, 3, 1, 1, 1, 0]

----------------------------TEST----------------------------


Epochs: 5             | Train Loss:  0.001             | Train Accuracy:  0.998             | Val Loss:  0.003             | Val Accuracy:  0.982