PS C:\Users\styll\OneDrive\Desktop\ML_ex3\src> python .\bert.py bbc -a True -lr 2e-5 -e 5 -s 768 -d 0.1

[nltk_data] Downloading package punkt to
[nltk_data]     C:\Users\styll\AppData\Roaming\nltk_data...
[nltk_data]   Package punkt is already up-to-date!
[nltk_data] Downloading package wordnet to
[nltk_data]     C:\Users\styll\AppData\Roaming\nltk_data...
[nltk_data]   Package wordnet is already up-to-date!
[nltk_data] Downloading package stopwords to
[nltk_data]     C:\Users\styll\AppData\Roaming\nltk_data...
[nltk_data]   Package stopwords is already up-to-date!

Some weights of the model checkpoint at bert-base-uncased were not used when initializing BertModel: ['cls.predictions.transform.LayerNorm.bias', 'cls.predictions.bias', 'cls.predictions.transform.dense.bias', 'cls.predictions.transform.LayerNorm.weight', 'cls.seq_relationship.bias', 'cls.seq_relationship.weight', 'cls.predictions.transform.dense.weight']
- This IS expected if you are initializing BertModel from the checkpoint of a model trained on another task or with another architecture (e.g. initializing a BertForSequenceClassification model from a BertForPreTraining model).
- This IS NOT expected if you are initializing BertModel from the checkpoint of a model that you expect to be exactly identical (initializing a BertForSequenceClassification model from a BertForSequenceClassification model).

sport            511
business         510
politics         417
tech             401
entertainment    386
Name: category, dtype: int64
sport            511
politics         511
business         511
entertainment    511
tech             511
Name: category, dtype: int64

{'sport': 3, 'politics': 2, 'business': 0, 'entertainment': 1, 'tech': 4}

        category                                               text  label
0          sport  greek duo cleared doping case sprinters kostas...      3
1       politics  uk plan deport terror suspects deals sought al...      2
2       business  us trade deficit widens sharply gap us exports...      0
3  entertainment  Halloween writer debra Hill die screenwriter m...      1
4       politics  protect whistleblowers tuc says government cha...      2

Initializing Tokenizer...

Some weights of the model checkpoint at bert-base-uncased were not used when initializing BertModel: ['cls.predictions.transform.LayerNorm.bias', 'cls.predictions.bias', 'cls.predictions.transform.dense.bias', 'cls.predictions.transform.LayerNorm.weight', 'cls.seq_relationship.bias', 'cls.seq_relationship.weight', 'cls.predictions.transform.dense.weight']
- This IS expected if you are initializing BertModel from the checkpoint of a model trained on another task or with another architecture (e.g. initializing a BertForSequenceClassification model from a BertForPreTraining model).
- This IS NOT expected if you are initializing BertModel from the checkpoint of a model that you expect to be exactly identical (initializing a BertForSequenceClassification model from a BertForSequenceClassification model).

2044 2044
511 511

100%|██████████████████████████████████████████████████████████████████████████████████████████████████████████████████████████████████████████████████████████████████████████████████████████████████████████████████████████████████████████████████| 64/64 [39:34<00:00, 37.10s/it]


----------------------------TRAIN----------------------------

[[329  21  16   2  26]
 [ 26 354   7   0  36]
 [ 27  23 306   0  55]
 [ 30  33  53 253  33]
 [ 12  33  22   0 332]]
              precision    recall  f1-score   support

           0       0.78      0.83      0.80       398
           1       0.76      0.83      0.80       425
           2       0.76      0.74      0.75       413
           3       0.99      0.62      0.77       405
           4       0.69      0.82      0.75       403

    accuracy                           0.77      2044
   macro avg       0.66      0.64      0.64      2044
weighted avg       0.80      0.77      0.77      2044


ground truth: [3, 1, 1, 3, 4, 3, 0, 4, 2, 4, 0, 0, 2, 0, 2, 2, 3, 0, 2, 4, 0, 2, 2, 2, 4, 2, 2, 1, 0, 1, 2, 2, 4, 2, 4, 2, 4, 3, 4, 0, 0, 0, 4, 1, 4, 3, 2, 0, 3, 0, 3, 0, 2, 4, 4, 1, 2, 3, 3, 2, 3, 0, 1, 0, 3, 4, 2, 0, 3, 3, 4, 4, 1, 4, 2, 3, 2, 3, 0, 1, 4, 0, 0, 4, 0, 4, 2, 2, 2, 4, 2, 0, 0, 2, 4, 0, 3, 0, 0, 2, 0, 3, 2, 4, 3, 0, 2, 2, 3, 2, 2, 0, 2, 0, 1, 0, 1, 2, 3, 3, 4, 2, 4, 4, 4, 2, 3, 4, 2, 3, 2, 1, 2, 2, 4, 4, 0, 3, 4, 0, 3, 3, 0, 1, 0, 4, 3, 1, 2, 4, 0, 0, 3, 1, 1, 0, 0, 4, 2, 2, 0, 4, 0, 4, 2, 4, 2, 2, 4, 1, 1, 1, 2, 1, 3, 2, 1, 0, 0, 1, 0, 1, 3, 0, 1, 2, 3, 4, 2, 4, 2, 1, 4, 3, 0, 4, 3, 1, 4, 4, 0, 2, 3, 2, 1, 4, 3, 0, 1, 2, 4, 2, 1, 1, 1, 2, 2, 1, 4, 0, 3, 4, 0, 1, 1, 2, 4, 4, 1, 3, 3, 2, 3, 4, 1, 4, 0, 1, 1, 1, 4, 4, 2, 2, 2, 0, 3, 2, 2, 2, 0, 2, 2, 4, 4, 3, 2, 4, 4, 1, 2, 3, 3, 3, 0, 4, 2, 0, 2, 3, 0, 1, 4, 1, 4, 3, 4, 0, 2, 3, 0, 2, 3, 2, 0, 1, 1, 1, 4, 3, 4, 0, 4, 4, 2, 0, 2, 1, 0, 1, 2, 3, 2, 3, 1, 3, 4, 1, 2, 2, 0, 0, 3, 3, 4, 0, 0, 1, 4, 2, 4, 1, 0, 0, 0, 3, 2, 4, 2, 3, 0, 1, 2, 4, 2, 1, 3, 3, 0, 0, 3, 2, 1, 3, 2, 4, 1, 1, 0, 1, 1, 3, 3, 4, 1, 2, 1, 2, 3, 3, 3, 4, 4, 2, 4, 0, 3, 2, 0, 0, 0, 4, 1, 1, 1, 2, 1, 1, 1, 1, 2, 0, 3, 3, 3, 1, 1, 1, 4, 1, 3, 3, 1, 3, 3, 0, 2, 4, 0, 2, 2, 1, 3, 3, 2, 2, 1, 4, 0, 1, 1, 3, 4, 4, 1, 0, 0, 3, 1, 3, 0, 2, 2, 4, 3, 3, 0, 2, 2, 2, 2, 3, 3, 2, 1, 1, 2, 4, 1, 0, 1, 1, 2, 3, 3, 0, 3, 2, 0, 1, 1, 1, 0, 3, 2, 4, 3, 0, 1, 3, 0, 2, 4, 2, 3, 1, 0, 2, 1, 2, 4, 1, 3, 2, 0, 1, 3, 0, 1, 1, 3, 1, 0, 0, 2, 0, 0, 0, 2, 0, 3, 0, 3, 3, 1, 4, 4, 0, 2, 3, 0, 1, 0, 2, 2, 4, 1, 2, 2, 2, 3, 0, 2, 4, 1, 2, 4, 4, 4, 0, 4, 3, 1, 4, 1, 3, 1, 1, 4, 0, 1, 4, 4, 4, 4, 1, 2, 2, 4, 3, 3, 2, 4, 2, 1, 2, 1, 4, 1, 1, 4, 4, 1, 3, 1, 0, 2, 0, 3, 4, 3, 4, 1, 4, 3, 0, 4, 1, 0, 1, 0, 1, 4, 3, 2, 1, 1, 0, 0, 2, 0, 4, 2, 2, 1, 4, 2, 2, 2, 2, 1, 2, 4, 4, 1, 4, 3, 2, 0, 2, 0, 1, 3, 0, 3, 1, 0, 3, 4, 3, 3, 0, 2, 1, 2, 3, 0, 2, 4, 3, 2, 4, 3, 1, 1, 4, 1, 1, 3, 2, 0, 0, 1, 0, 2, 0, 0, 1, 3, 3, 0, 3, 2, 2, 4, 3, 2, 2, 0, 0, 0, 1, 4, 1, 1, 4, 3, 0, 2, 3, 4, 0, 0, 2, 0, 3, 4, 4, 3, 4, 3, 4, 2, 3, 3, 2, 2, 2, 0, 4, 4, 0, 0, 1, 2, 1, 1, 3, 2, 2, 0, 0, 0, 3, 3, 4, 4, 2, 0, 2, 2, 2, 2, 3, 4, 3, 1, 3, 2, 4, 1, 1, 4, 4, 0, 0, 4, 4, 2, 2, 1, 1, 3, 0, 3, 4, 2, 4, 0, 2, 3, 2, 0, 0, 2, 1, 2, 4, 1, 1, 0, 1, 0, 1, 3, 3, 1, 1, 4, 1, 0, 2, 4, 4, 1, 1, 0, 1, 0, 4, 4, 3, 1, 0, 2, 3, 1, 1, 2, 0, 2, 4, 1, 1, 3, 4, 1, 3, 2, 4, 3, 2, 2, 4, 3, 4, 3, 1, 2, 0, 2, 0, 3, 1, 4, 1, 0, 2, 1, 3, 3, 1, 2, 0, 2, 2, 0, 1, 0, 4, 2, 2, 3, 4, 3, 0, 3, 1, 3, 3, 1, 0, 1, 4, 0, 1, 0, 1, 4, 2, 0, 3, 1, 3, 3, 1, 3, 1, 2, 1, 3, 2, 4, 1, 1, 4, 3, 1, 1, 2, 0, 3, 2, 2, 3, 2, 4, 4, 0, 2, 4, 1, 3, 1, 2, 0, 2, 0, 2, 0, 3, 0, 2, 4, 3, 1, 3, 0, 4, 2, 2, 0, 2, 1, 0, 2, 3, 3, 2, 2, 3, 4, 2, 3, 3, 1, 2, 2, 3, 2, 1, 0, 4, 1, 1, 4, 0, 1, 1, 0, 4, 1, 2, 0, 3, 0, 3, 3, 2, 3, 1, 2, 0, 3, 0, 0, 1, 2, 0, 4, 2, 3, 0, 1, 0, 0, 0, 1, 0, 1, 2, 0, 3, 0, 1, 0, 4, 4, 3, 1, 4, 4, 2, 4, 4, 2, 4, 3, 4, 4, 1, 0, 1, 3, 3, 3, 3, 3, 4, 4, 1, 0, 0, 4, 2, 0, 3, 4, 4, 0, 0, 0, 3, 1, 1, 1, 3, 2, 1, 4, 3, 4, 0, 3, 1, 3, 3, 1, 3, 1, 1, 2, 3, 2, 4, 3, 1, 2, 3, 4, 1, 1, 2, 0, 1, 3, 1, 4, 2, 3, 4, 2, 0, 3, 1, 1, 2, 1, 0, 1, 2, 2, 4, 4, 3, 0, 2, 2, 4, 4, 4, 2, 1, 4, 2, 2, 1, 2, 4, 1, 1, 2, 2, 1, 0, 1, 1, 4, 1, 3, 1, 4, 1, 3, 3, 0, 0, 3, 3, 3, 1, 3, 1, 2, 0, 4, 0, 3, 4, 3, 1, 2, 3, 2, 1, 3, 2, 0, 0, 2, 2, 4, 4, 3, 4, 4, 1, 0, 4, 2, 1, 1, 0, 2, 0, 3, 0, 0, 3, 0, 4, 4, 4, 4, 3, 2, 1, 0, 0, 3, 1, 1, 0, 3, 2, 2, 4, 1, 2, 2, 3, 0, 1, 1, 4, 4, 1, 4, 4, 4, 4, 3, 0, 4, 0, 0, 0, 3, 4, 0, 3, 4, 2, 0, 1, 1, 4, 4, 3, 4, 3, 2, 0, 4, 3, 2, 2, 0, 4, 1, 1, 0, 4, 3, 4, 3, 1, 0, 4, 4, 4, 0, 2, 0, 3, 1, 0, 1, 4, 0, 1, 3, 2, 3, 3, 0, 1, 4, 1, 3, 0, 4, 0, 3, 0, 4, 4, 0, 2, 2, 0, 0, 3, 4, 1, 4, 3, 1, 0, 3, 1, 0, 4, 4, 2, 4, 4, 3, 2, 1, 3, 3, 0, 0, 3, 3, 2, 2, 2, 3, 0, 0, 3, 0, 0, 2, 2, 3, 3, 2, 2, 4, 3, 0, 2, 3, 4, 0, 4, 0, 0, 4, 3, 4, 0, 1, 4, 3, 1, 1, 1, 1, 4, 0, 4, 4, 4, 2, 2, 1, 4, 4, 1, 2, 2, 1, 1, 0, 2, 2, 1, 4, 1, 4, 4, 4, 3, 0, 2, 0, 0, 4, 0, 3, 0, 3, 4, 3, 1, 3, 1, 4, 3, 3, 1, 0, 2, 3, 3, 3, 2, 0, 4, 2, 4, 4, 4, 2, 4, 0, 2, 1, 3, 4, 3, 0, 2, 0, 2, 2, 2, 0, 1, 2, 3, 4, 4, 4, 3, 1, 1, 3, 3, 0, 1, 4, 3, 0, 1, 4, 0, 3, 1, 2, 4, 1, 1, 4, 4, 2, 4, 0, 2, 1, 2, 4, 4, 4, 0, 2, 3, 4, 2, 1, 4, 1, 2, 0, 0, 2, 1, 3, 4, 0, 4, 1, 0, 3, 2, 3, 2, 3, 2, 1, 4, 3, 0, 0, 1, 2, 2, 1, 1, 3, 0, 4, 2, 4, 1, 1, 3, 0, 0, 3, 1, 4, 4, 1, 0, 2, 4, 1, 1, 2, 1, 3, 3, 0, 2, 2, 0, 2, 4, 0, 3, 4, 3, 3, 4, 1, 0, 2, 1, 1, 1, 4, 4, 3, 3, 4, 3, 0, 1, 4, 0, 2, 1, 3, 1, 3, 0, 4, 3, 4, 3, 2, 0, 0, 4, 4, 3, 3, 0, 0, 2, 3, 1, 3, 2, 0, 3, 3, 2, 1, 3, 1, 0, 3, 2, 1, 2, 3, 3, 0, 2, 1, 1, 0, 2, 1, 3, 1, 4, 2, 2, 0, 4, 4, 0, 0, 4, 3, 4, 4, 2, 1, 1, 0, 3, 1, 0, 3, 1, 3, 3, 1, 3, 3, 3, 2, 1, 4, 3, 0, 3, 2, 4, 3, 4, 0, 2, 0, 1, 4, 2, 0, 2, 1, 1, 4, 0, 3, 1, 3, 4, 4, 1, 1, 3, 2, 4, 0, 1, 1, 4, 0, 1, 1, 1, 2, 1, 1, 3, 0, 4, 3, 3, 1, 2, 0, 4, 1, 3, 1, 1, 2, 4, 2, 3, 2, 3, 0, 0, 0, 1, 0, 4, 1, 3, 3, 2, 3, 4, 2, 0, 3, 3, 0, 0, 2, 3, 1, 1, 1, 4, 0, 4, 2, 3, 2, 3, 3, 4, 1, 3, 4, 3, 4, 3, 3, 2, 0, 2, 3, 0, 2, 2, 4, 2, 2, 4, 1, 2, 0, 0, 1, 1, 0, 4, 4, 0, 3, 4, 2, 1, 2, 2, 4, 4, 3, 1, 1, 0, 0, 4, 0, 1, 4, 3, 1, 4, 1, 3, 0, 3, 0, 1, 0, 0, 4, 4, 3, 1, 4, 2, 0, 4, 3, 4, 1, 1, 1, 4, 2, 4, 2, 3, 1, 2, 1, 0, 1, 0, 2, 4, 4, 1, 0, 1, 2, 4, 3, 0, 4, 4, 0, 3, 0, 2, 2, 2, 3, 1, 1, 0, 3, 4, 0, 0, 3, 4, 4, 2, 0, 3, 0, 0, 2, 1, 1, 2, 2, 3, 1, 1, 1, 4, 2, 2, 3, 1, 1, 3, 1, 0, 4, 3, 0, 3, 1, 2, 4, 4, 2, 3, 3, 3, 3, 0, 3, 0, 1, 0, 1, 2, 2, 1, 3, 1, 1, 0, 1, 4, 3, 3, 3, 4, 2, 0, 0, 2, 0, 4, 0, 0, 4, 2, 4, 0, 1, 0, 3, 0, 1, 3, 4, 4, 0, 4, 3, 0, 3, 1, 1, 2, 1, 0, 0, 1, 0, 3, 1, 1, 0, 1, 1, 1, 1, 2, 1, 1, 1, 0, 3, 1, 2, 2, 3, 2, 0, 0, 0, 2, 0, 1, 1, 3, 0, 0, 0, 3, 0, 0, 2, 3, 1, 4, 1, 4, 3, 3, 1, 4, 1, 2, 4, 1, 4, 2, 2, 2, 2, 1, 4, 3, 4, 3, 4, 1, 2, 0, 2, 1, 1, 1, 4, 1, 3, 0, 2, 3, 4, 3, 3, 1, 1, 0, 3, 4, 0, 0, 0, 3, 4, 1, 4, 2, 4, 1, 2, 1, 4, 3, 3, 2, 1, 2, 2, 3, 3, 0, 4, 2, 2, 2, 1, 2, 2, 2, 1, 3, 2, 0, 1, 1, 1, 2, 3, 2, 4, 4, 1, 0, 3, 0, 3, 3, 2, 2, 2, 4, 4, 4, 4, 1, 4, 0, 4, 4, 3, 0, 2, 2, 4, 1, 2, 0, 0, 4, 0, 2, 0, 1, 3, 0, 4, 1, 2, 3, 3, 4, 2, 3, 3, 2, 4, 1, 2, 1, 3, 3, 4, 0, 2, 0, 1, 4, 2, 3, 4, 4, 3, 2, 4, 4, 1, 1, 4, 4, 3, 2, 4, 3, 4, 3, 0, 4, 4, 1, 0, 1, 3, 2, 4, 0, 0, 2, 2, 1, 3, 0, 1, 2, 1]
prediction:   [4, 4, 0, 0, 1, 4, 1, 4, 1, 4, 3, 2, 0, 1, 1, 1, 2, 1, 1, 3, 4, 0, 1, 1, 4, 0, 0, 1, 2, 1, 1, 1, 1, 1, 0, 1, 1, 1, 1, 1, 0, 1, 4, 1, 0, 1, 0, 0, 1, 1, 1, 0, 0, 1, 1, 1, 0, 1, 1, 1, 1, 0, 1, 0, 0, 4, 1, 0, 1, 1, 1, 1, 1, 1, 0, 4, 1, 1, 0, 4, 0, 4, 1, 4, 0, 4, 4, 0, 4, 4, 4, 1, 0, 1, 1, 1, 4, 4, 4, 4, 1, 1, 4, 4, 1, 0, 1, 4, 4, 4, 0, 4, 4, 4, 1, 4, 4, 4, 4, 0, 4, 4, 4, 4, 4, 4, 4, 4, 4, 4, 4, 1, 4, 4, 4, 4, 4, 0, 4, 4, 4, 4, 0, 4, 0, 4, 0, 0, 4, 4, 4, 4, 4, 0, 4, 0, 0, 4, 4, 4, 0, 4, 4, 4, 4, 4, 4, 0, 4, 4, 1, 4, 4, 4, 0, 4, 4, 0, 4, 4, 0, 0, 4, 4, 4, 4, 4, 4, 4, 4, 4, 0, 4, 0, 0, 4, 4, 1, 4, 4, 4, 4, 0, 4, 0, 4, 0, 0, 4, 4, 4, 4, 0, 4, 0, 4, 4, 0, 4, 0, 4, 4, 0, 1, 4, 4, 4, 4, 0, 4, 4, 0, 0, 4, 0, 0, 0, 0, 4, 1, 4, 0, 4, 4, 4, 0, 0, 0, 4, 0, 0, 0, 4, 0, 4, 0, 0, 4, 4, 0, 4, 4, 0, 0, 0, 4, 0, 0, 0, 0, 0, 4, 4, 1, 4, 0, 0, 1, 4, 4, 0, 2, 0, 0, 0, 0, 0, 1, 4, 2, 4, 0, 4, 4, 4, 0, 4, 4, 0, 1, 0, 0, 4, 1, 1, 4, 4, 4, 4, 0, 0, 0, 0, 4, 4, 0, 0, 0, 4, 4, 4, 2, 0, 0, 0, 4, 4, 4, 4, 4, 0, 4, 4, 4, 4, 4, 0, 4, 0, 0, 1, 2, 4, 0, 2, 4, 4, 4, 0, 4, 1, 4, 0, 4, 0, 4, 0, 4, 4, 4, 2, 4, 4, 4, 4, 0, 0, 2, 0, 0, 4, 4, 0, 1, 4, 2, 4, 0, 1, 4, 4, 4, 4, 4, 2, 1, 2, 1, 4, 1, 1, 0, 1, 4, 1, 4, 2, 4, 0, 2, 0, 4, 4, 1, 2, 2, 4, 2, 0, 4, 4, 4, 0, 4, 1, 0, 0, 2, 1, 2, 0, 2, 2, 1, 2, 2, 0, 2, 4, 1, 1, 1, 1, 1, 1, 1, 2, 1, 1, 1, 1, 1, 1, 1, 1, 1, 0, 2, 0, 0, 1, 1, 0, 1, 2, 1, 1, 0, 1, 1, 0, 2, 1, 2, 2, 1, 0, 2, 1, 0, 1, 1, 1, 2, 0, 1, 1, 2, 1, 1, 0, 1, 0, 0, 2, 1, 0, 0, 1, 0, 1, 1, 1, 2, 1, 2, 4, 0, 2, 1, 0, 1, 0, 2, 2, 1, 1, 0, 1, 1, 1, 1, 2, 1, 1, 2, 1, 2, 2, 1, 1, 2, 1, 2, 1, 1, 1, 1, 2, 1, 1, 1, 1, 1, 2, 2, 0, 2, 2, 2, 1, 2, 1, 2, 1, 2, 1, 4, 2, 1, 2, 1, 1, 2, 1, 0, 2, 2, 2, 2, 2, 4, 2, 2, 2, 0, 2, 1, 0, 1, 0, 1, 2, 1, 1, 1, 1, 0, 0, 2, 0, 4, 0, 2, 1, 4, 2, 2, 2, 2, 2, 2, 2, 2, 1, 2, 2, 2, 0, 2, 0, 0, 2, 1, 2, 1, 0, 2, 4, 2, 2, 2, 2, 1, 2, 2, 0, 2, 4, 2, 2, 2, 0, 0, 0, 4, 2, 1, 2, 2, 0, 2, 1, 0, 2, 0, 2, 1, 2, 2, 0, 2, 2, 2, 4, 2, 2, 2, 0, 0, 2, 1, 4, 1, 1, 4, 2, 0, 2, 4, 4, 0, 0, 2, 2, 2, 4, 4, 2, 4, 2, 4, 2, 0, 2, 2, 2, 2, 0, 4, 4, 0, 0, 1, 2, 1, 1, 2, 2, 2, 0, 0, 4, 2, 0, 4, 4, 2, 0, 2, 2, 2, 2, 4, 4, 2, 1, 3, 2, 0, 1, 1, 4, 4, 2, 0, 1, 4, 2, 2, 1, 1, 2, 0, 2, 4, 2, 4, 0, 2, 2, 2, 0, 0, 2, 1, 2, 4, 1, 1, 0, 1, 0, 1, 3, 3, 0, 4, 4, 1, 0, 2, 4, 4, 1, 4, 0, 1, 0, 4, 4, 2, 1, 0, 2, 2, 1, 1, 2, 0, 2, 4, 0, 1, 3, 4, 1, 3, 2, 4, 2, 2, 2, 4, 2, 4, 3, 1, 4, 0, 2, 0, 3, 1, 4, 1, 0, 2, 1, 2, 2, 1, 2, 0, 2, 2, 0, 1, 0, 4, 2, 2, 3, 4, 3, 0, 3, 1, 2, 3, 1, 4, 4, 4, 0, 1, 0, 1, 4, 2, 0, 2, 1, 2, 3, 1, 2, 1, 2, 1, 2, 2, 4, 1, 1, 4, 3, 1, 1, 2, 4, 0, 2, 2, 2, 2, 4, 4, 1, 2, 1, 1, 2, 1, 2, 0, 2, 2, 2, 0, 3, 0, 2, 4, 2, 1, 3, 0, 1, 2, 2, 0, 2, 1, 0, 2, 3, 3, 2, 2, 3, 0, 2, 3, 3, 1, 2, 2, 3, 2, 1, 0, 0, 1, 1, 4, 0, 1, 1, 0, 4, 1, 2, 0, 3, 0, 3, 3, 2, 3, 1, 2, 0, 3, 4, 0, 1, 2, 0, 4, 2, 3, 0, 1, 0, 0, 2, 1, 0, 1, 2, 0, 3, 0, 1, 0, 4, 1, 3, 1, 1, 2, 2, 4, 4, 2, 1, 3, 2, 4, 1, 0, 1, 3, 3, 3, 3, 3, 4, 2, 1, 0, 0, 4, 2, 0, 3, 4, 4, 0, 0, 0, 3, 1, 1, 1, 3, 2, 1, 4, 3, 1, 0, 3, 1, 3, 3, 1, 3, 1, 1, 2, 3, 2, 2, 3, 1, 2, 3, 4, 1, 1, 2, 0, 1, 3, 1, 4, 2, 3, 4, 2, 0, 3, 1, 1, 2, 1, 0, 1, 2, 2, 4, 4, 3, 0, 2, 2, 4, 4, 4, 2, 1, 4, 2, 2, 1, 2, 4, 1, 1, 2, 2, 1, 0, 1, 1, 2, 1, 3, 1, 4, 1, 3, 3, 0, 2, 3, 3, 3, 1, 3, 1, 2, 0, 4, 0, 3, 4, 3, 1, 2, 3, 2, 1, 3, 2, 0, 1, 2, 2, 4, 4, 3, 4, 4, 1, 2, 4, 2, 1, 1, 0, 2, 0, 3, 3, 0, 3, 3, 4, 4, 4, 4, 3, 2, 1, 0, 0, 3, 1, 1, 0, 3, 2, 2, 4, 1, 2, 2, 3, 0, 1, 1, 4, 4, 1, 4, 4, 0, 4, 3, 0, 4, 0, 0, 0, 3, 4, 0, 3, 4, 2, 4, 1, 1, 4, 4, 3, 1, 3, 2, 0, 4, 3, 2, 2, 0, 4, 1, 1, 2, 4, 3, 4, 3, 1, 0, 4, 4, 4, 0, 2, 0, 3, 4, 0, 1, 4, 0, 1, 3, 2, 3, 3, 0, 1, 4, 1, 3, 0, 4, 0, 3, 0, 4, 4, 0, 2, 2, 0, 0, 3, 4, 1, 4, 3, 1, 4, 3, 1, 0, 4, 4, 2, 4, 4, 3, 2, 1, 3, 3, 0, 0, 3, 3, 2, 2, 2, 3, 0, 0, 3, 0, 0, 2, 2, 3, 3, 2, 2, 4, 3, 0, 2, 3, 4, 4, 4, 0, 4, 4, 3, 4, 0, 1, 4, 3, 1, 1, 1, 1, 4, 0, 4, 4, 4, 2, 2, 1, 4, 4, 1, 2, 2, 1, 1, 0, 2, 2, 1, 4, 1, 4, 4, 4, 3, 0, 2, 0, 0, 4, 0, 3, 0, 3, 4, 3, 4, 3, 1, 4, 3, 3, 1, 0, 2, 3, 3, 3, 2, 0, 4, 4, 4, 4, 4, 2, 4, 0, 2, 1, 3, 4, 0, 0, 2, 0, 2, 2, 2, 0, 1, 2, 3, 4, 4, 4, 3, 1, 1, 3, 3, 0, 1, 4, 3, 0, 1, 1, 0, 3, 1, 2, 4, 1, 1, 4, 4, 2, 4, 2, 2, 1, 2, 4, 4, 4, 0, 2, 3, 4, 2, 1, 4, 1, 2, 0, 0, 2, 1, 3, 4, 0, 4, 1, 0, 3, 2, 3, 2, 3, 2, 1, 4, 3, 0, 0, 1, 2, 2, 1, 1, 3, 0, 4, 2, 4, 1, 1, 3, 0, 0, 3, 1, 4, 4, 1, 2, 2, 4, 1, 1, 2, 1, 3, 3, 0, 2, 2, 0, 2, 4, 0, 3, 4, 3, 3, 4, 1, 0, 2, 1, 1, 1, 4, 4, 3, 3, 4, 3, 0, 1, 4, 0, 2, 1, 3, 1, 3, 0, 4, 3, 4, 3, 2, 0, 0, 4, 4, 3, 3, 0, 0, 2, 3, 1, 3, 2, 0, 3, 3, 2, 1, 3, 1, 0, 3, 2, 1, 2, 3, 3, 0, 2, 1, 1, 0, 2, 1, 3, 1, 4, 2, 2, 0, 4, 4, 0, 0, 4, 3, 4, 4, 2, 1, 1, 0, 3, 1, 0, 3, 1, 3, 3, 1, 3, 3, 3, 2, 1, 4, 3, 0, 3, 2, 4, 3, 4, 0, 2, 0, 1, 4, 2, 0, 2, 1, 1, 4, 0, 3, 1, 3, 4, 4, 1, 1, 3, 2, 4, 0, 1, 1, 4, 0, 1, 1, 1, 2, 1, 1, 3, 0, 4, 3, 3, 1, 2, 0, 4, 1, 3, 1, 1, 2, 4, 2, 3, 2, 3, 0, 0, 0, 1, 0, 4, 1, 3, 3, 2, 3, 4, 2, 0, 3, 3, 0, 2, 1, 3, 1, 4, 1, 4, 0, 4, 0, 3, 2, 3, 3, 4, 1, 3, 4, 3, 4, 3, 3, 2, 0, 2, 3, 0, 2, 2, 4, 2, 2, 4, 1, 2, 0, 0, 1, 1, 0, 4, 4, 0, 3, 4, 2, 1, 2, 2, 4, 4, 3, 1, 1, 0, 0, 4, 0, 1, 4, 3, 1, 4, 1, 3, 0, 3, 0, 1, 0, 0, 4, 4, 3, 1, 4, 2, 0, 4, 3, 4, 1, 1, 1, 4, 2, 4, 2, 3, 1, 2, 1, 0, 1, 0, 0, 4, 4, 1, 0, 1, 2, 4, 3, 0, 4, 4, 0, 3, 0, 2, 2, 2, 3, 1, 1, 0, 3, 4, 0, 0, 3, 4, 4, 2, 0, 3, 0, 0, 2, 1, 1, 2, 2, 3, 1, 1, 1, 4, 2, 2, 3, 1, 1, 3, 1, 0, 4, 3, 0, 3, 1, 2, 4, 4, 2, 3, 3, 3, 3, 0, 3, 0, 1, 0, 1, 2, 2, 1, 3, 1, 1, 0, 1, 4, 3, 3, 3, 4, 2, 0, 0, 2, 0, 4, 0, 0, 4, 2, 4, 0, 1, 0, 3, 0, 1, 3, 4, 4, 0, 4, 3, 4, 3, 1, 1, 2, 1, 0, 0, 1, 0, 3, 1, 1, 0, 1, 1, 1, 1, 2, 1, 1, 1, 0, 3, 1, 2, 2, 3, 2, 0, 0, 0, 2, 0, 1, 1, 3, 0, 0, 0, 3, 0, 0, 2, 3, 1, 4, 1, 4, 3, 3, 1, 4, 1, 2, 4, 1, 4, 2, 2, 2, 2, 1, 4, 3, 4, 3, 4, 1, 2, 0, 2, 1, 1, 1, 4, 1, 3, 0, 2, 3, 4, 3, 3, 1, 1, 0, 3, 4, 0, 0, 0, 3, 4, 1, 4, 2, 4, 1, 2, 1, 4, 3, 3, 2, 1, 2, 2, 3, 3, 0, 4, 2, 2, 2, 1, 2, 2, 2, 1, 3, 2, 0, 1, 1, 1, 2, 3, 2, 4, 4, 1, 0, 3, 0, 3, 3, 2, 2, 2, 4, 4, 4, 4, 1, 4, 0, 4, 4, 3, 0, 2, 2, 4, 1, 2, 0, 0, 4, 0, 2, 0, 1, 3, 0, 4, 1, 2, 3, 3, 4, 2, 3, 3, 2, 4, 1, 2, 1, 3, 3, 4, 0, 2, 0, 1, 4, 2, 3, 4, 4, 3, 2, 4, 4, 1, 1, 4, 4, 3, 2, 4, 3, 4, 3, 0, 4, 4, 1, 0, 1, 3, 2, 4, 0, 0, 2, 2, 1, 3, 0, 1, 2, 1]

----------------------------TRAIN----------------------------


----------------------------TEST----------------------------

[[ 98   1  11   0   3]
 [  1  85   0   0   0]
 [  1   0  96   1   0]
 [  0   0   0 106   0]
 [  0   1   1   0 106]]
              precision    recall  f1-score   support

           0       0.98      0.87      0.92       113
           1       0.98      0.99      0.98        86
           2       0.89      0.98      0.93        98
           3       0.99      1.00      1.00       106
           4       0.97      0.98      0.98       108

    accuracy                           0.96       511
   macro avg       0.96      0.96      0.96       511
weighted avg       0.96      0.96      0.96       511


ground truth: [2, 1, 3, 2, 3, 4, 4, 0, 2, 0, 0, 0, 4, 1, 1, 0, 4, 1, 3, 0, 2, 3, 3, 1, 1, 2, 1, 0, 2, 3, 3, 0, 0, 2, 3, 3, 0, 2, 3, 2, 4, 4, 1, 4, 0, 3, 0, 3, 3, 3, 3, 3, 0, 4, 1, 0, 4, 4, 0, 1, 1, 1, 0, 0, 1, 3, 0, 2, 4, 0, 3, 2, 4, 2, 1, 0, 0, 4, 2, 3, 2, 4, 4, 1, 3, 2, 4, 4, 1, 1, 2, 0, 1, 0, 4, 2, 1, 1, 3, 3, 3, 0, 0, 0, 2, 0, 2, 4, 4, 1, 2, 1, 4, 3, 4, 0, 2, 2, 0, 1, 0, 3, 2, 4, 3, 0, 4, 2, 0, 4, 3, 0, 4, 2, 1, 4, 3, 4, 3, 4, 1, 4, 3, 3, 4, 4, 0, 2, 4, 2, 3, 0, 1, 4, 0, 2, 3, 2, 4, 1, 4, 0, 0, 0, 4, 1, 1, 1, 4, 4, 4, 3, 3, 1, 2, 3, 4, 4, 2, 0, 3, 4, 1, 4, 2, 2, 4, 3, 3, 2, 4, 1, 1, 4, 1, 0, 4, 4, 2, 2, 4, 2, 0, 1, 4, 3, 1, 2, 4, 0, 3, 4, 2, 2, 0, 1, 0, 2, 4, 1, 3, 4, 4, 4, 1, 1, 3, 0, 0, 3, 0, 3, 1, 0, 4, 4, 0, 0, 3, 4, 4, 1, 0, 2, 0, 0, 0, 2, 3, 1, 4, 0, 4, 0, 3, 3, 3, 0, 3, 0, 3, 0, 2, 1, 2, 4, 0, 4, 2, 2, 0, 1, 0, 1, 1, 3, 3, 2, 4, 4, 2, 0, 0, 1, 3, 0, 2, 0, 0, 1, 0, 3, 0, 4, 0, 4, 0, 2, 1, 2, 3, 0, 2, 2, 4, 0, 2, 1, 2, 2, 1, 2, 2, 3, 0, 4, 2, 1, 3, 4, 0, 2, 1, 0, 1, 4, 1, 1, 1, 4, 0, 3, 2, 2, 2, 0, 3, 2, 2, 4, 2, 0, 4, 1, 0, 4, 2, 3, 0, 3, 2, 3, 0, 2, 2, 4, 4, 3, 1, 4, 3, 3, 4, 3, 2, 4, 3, 3, 3, 0, 3, 2, 3, 2, 3, 0, 0, 2, 3, 4, 2, 2, 2, 3, 3, 4, 2, 0, 2, 2, 1, 4, 4, 4, 3, 2, 3, 1, 1, 4, 1, 0, 3, 3, 4, 2, 2, 0, 4, 2, 1, 4, 2, 1, 0, 0, 0, 2, 1, 0, 1, 2, 1, 3, 3, 3, 2, 3, 3, 1, 0, 3, 1, 1, 0, 4, 0, 4, 3, 4, 1, 0, 4, 3, 1, 4, 0, 4, 2, 1, 1, 2, 0, 4, 3, 3, 4, 2, 2, 0, 1, 4, 3, 3, 0, 3, 2, 1, 0, 0, 4, 0, 3, 0, 0, 4, 3, 3, 2, 4, 1, 2, 4, 0, 3, 1, 4, 0, 1, 1, 3, 0, 4, 3, 0, 3, 0, 4, 2, 1, 0, 3, 1, 3, 1, 0, 2, 3, 3, 3, 4]
prediction:   [2, 1, 3, 2, 3, 4, 4, 0, 2, 0, 0, 0, 4, 1, 1, 2, 1, 1, 3, 0, 2, 3, 3, 1, 1, 2, 1, 0, 2, 3, 3, 0, 0, 2, 3, 3, 0, 2, 3, 2, 4, 4, 1, 4, 0, 3, 0, 3, 3, 3, 3, 3, 0, 4, 1, 0, 4, 4, 0, 1, 1, 1, 2, 0, 1, 3, 0, 2, 4, 0, 3, 2, 4, 2, 1, 0, 0, 4, 2, 3, 2, 4, 4, 1, 3, 2, 4, 4, 1, 1, 2, 0, 1, 0, 4, 2, 1, 1, 3, 3, 3, 0, 0, 0, 2, 0, 2, 4, 4, 1, 2, 1, 4, 3, 4, 0, 2, 2, 0, 1, 0, 3, 2, 4, 3, 4, 4, 2, 0, 4, 3, 2, 4, 2, 1, 4, 3, 4, 3, 4, 1, 4, 3, 3, 4, 4, 2, 2, 4, 2, 3, 0, 1, 4, 0, 2, 3, 2, 4, 1, 4, 0, 0, 0, 4, 1, 1, 1, 4, 4, 4, 3, 3, 1, 2, 3, 4, 4, 2, 0, 3, 4, 1, 4, 2, 2, 4, 3, 3, 2, 4, 1, 1, 4, 1, 0, 4, 4, 2, 2, 4, 2, 0, 1, 4, 3, 0, 2, 4, 0, 3, 4, 2, 2, 2, 1, 0, 2, 4, 1, 3, 2, 4, 4, 1, 1, 3, 0, 0, 3, 0, 3, 1, 4, 4, 4, 0, 0, 3, 4, 4, 1, 0, 2, 0, 0, 0, 2, 3, 1, 4, 0, 4, 1, 3, 3, 3, 0, 3, 0, 3, 0, 2, 1, 2, 4, 0, 4, 2, 2, 2, 1, 0, 1, 1, 3, 3, 2, 4, 4, 3, 0, 0, 1, 3, 0, 2, 0, 0, 1, 0, 3, 0, 4, 2, 4, 4, 2, 1, 2, 3, 0, 2, 2, 4, 0, 2, 1, 2, 2, 1, 2, 2, 3, 0, 4, 2, 1, 3, 4, 2, 2, 1, 0, 1, 4, 1, 1, 1, 4, 0, 3, 2, 2, 2, 0, 3, 2, 2, 4, 2, 0, 4, 1, 0, 4, 2, 3, 0, 3, 2, 3, 2, 2, 2, 4, 4, 3, 1, 4, 3, 3, 4, 3, 2, 4, 3, 3, 3, 0, 3, 2, 3, 2, 3, 0, 0, 2, 3, 4, 2, 2, 2, 3, 3, 4, 2, 0, 2, 2, 1, 4, 4, 4, 3, 2, 3, 1, 1, 4, 1, 0, 3, 3, 4, 2, 2, 0, 4, 2, 1, 4, 0, 1, 0, 0, 0, 2, 1, 0, 1, 2, 1, 3, 3, 3, 2, 3, 3, 1, 0, 3, 1, 1, 0, 4, 0, 4, 3, 4, 1, 2, 4, 3, 1, 4, 0, 4, 2, 1, 1, 2, 0, 4, 3, 3, 4, 2, 2, 0, 1, 4, 3, 3, 0, 3, 2, 1, 0, 0, 4, 0, 3, 0, 0, 4, 3, 3, 2, 4, 1, 2, 4, 2, 3, 1, 4, 0, 1, 1, 3, 0, 4, 3, 0, 3, 0, 4, 2, 1, 0, 3, 1, 3, 1, 0, 2, 3, 3, 3, 4]

----------------------------TEST----------------------------


Epochs: 1                 | Train Loss:  0.030                 | Train Accuracy:  0.770                 | Val Loss:  0.008                 | Val Accuracy:  0.961

100%|██████████████████████████████████████████████████████████████████████████████████████████████████████████████████████████████████████████████████████████████████████████████████████████████████████████████████████████████████████████████████| 64/64 [36:56<00:00, 34.63s/it]


----------------------------TRAIN----------------------------

[[383   0   8   0   7]
 [  0 419   1   0   5]
 [  8   0 403   0   2]
 [  0   0   0 405   0]
 [  4   2   1   1 395]]
              precision    recall  f1-score   support

           0       0.97      0.96      0.97       398
           1       1.00      0.99      0.99       425
           2       0.98      0.98      0.98       413
           3       1.00      1.00      1.00       405
           4       0.97      0.98      0.97       403

    accuracy                           0.98      2044
   macro avg       0.98      0.98      0.98      2044
weighted avg       0.98      0.98      0.98      2044


ground truth: [3, 4, 2, 1, 3, 2, 3, 0, 3, 3, 3, 2, 4, 2, 1, 4, 0, 1, 0, 0, 4, 0, 0, 0, 4, 2, 3, 4, 2, 2, 3, 0, 4, 3, 1, 1, 1, 4, 4, 4, 3, 0, 1, 0, 4, 4, 2, 1, 1, 1, 1, 0, 0, 3, 0, 3, 1, 3, 4, 2, 3, 1, 0, 3, 1, 3, 3, 0, 2, 2, 1, 0, 2, 4, 3, 0, 3, 4, 2, 4, 2, 0, 4, 1, 2, 0, 2, 2, 1, 0, 0, 3, 3, 1, 1, 4, 2, 2, 2, 1, 1, 2, 1, 2, 0, 2, 1, 4, 1, 4, 0, 0, 4, 1, 0, 2, 0, 3, 4, 1, 4, 0, 0, 4, 2, 1, 0, 1, 2, 4, 3, 3, 2, 0, 4, 4, 2, 2, 0, 1, 1, 4, 2, 1, 2, 0, 3, 2, 1, 3, 1, 0, 1, 2, 3, 1, 1, 3, 2, 4, 3, 0, 2, 3, 1, 4, 0, 1, 3, 3, 0, 3, 0, 0, 3, 3, 1, 3, 0, 4, 0, 0, 0, 2, 2, 3, 3, 2, 1, 4, 0, 3, 2, 4, 0, 2, 4, 4, 2, 3, 3, 4, 4, 4, 0, 4, 0, 3, 4, 2, 4, 4, 3, 2, 4, 2, 3, 1, 4, 2, 3, 0, 1, 4, 2, 1, 1, 2, 2, 3, 4, 0, 2, 2, 4, 1, 1, 2, 0, 4, 4, 1, 0, 0, 0, 1, 1, 1, 4, 4, 4, 0, 0, 1, 3, 3, 2, 4, 0, 2, 1, 0, 1, 0, 3, 3, 2, 0, 3, 2, 2, 3, 2, 0, 3, 4, 1, 4, 4, 2, 4, 4, 0, 4, 0, 2, 4, 2, 2, 0, 3, 0, 1, 1, 3, 0, 1, 0, 4, 4, 4, 2, 2, 4, 3, 1, 4, 2, 1, 4, 0, 4, 0, 1, 2, 0, 4, 4, 2, 1, 3, 2, 1, 1, 3, 4, 4, 4, 0, 1, 1, 3, 2, 2, 0, 4, 3, 1, 2, 0, 2, 0, 0, 2, 4, 1, 4, 0, 1, 3, 3, 1, 2, 2, 1, 4, 4, 0, 3, 1, 2, 2, 3, 2, 2, 0, 4, 2, 0, 0, 3, 4, 1, 3, 2, 4, 3, 3, 2, 2, 1, 2, 1, 0, 1, 0, 4, 1, 3, 4, 2, 0, 3, 2, 2, 4, 4, 1, 4, 0, 2, 3, 2, 1, 3, 1, 3, 4, 0, 4, 1, 3, 0, 0, 4, 4, 4, 1, 1, 3, 2, 4, 4, 0, 2, 3, 2, 0, 1, 1, 2, 3, 2, 1, 0, 0, 2, 2, 4, 1, 0, 1, 1, 0, 4, 0, 4, 1, 0, 2, 2, 1, 0, 4, 3, 0, 4, 4, 0, 3, 0, 1, 1, 4, 4, 0, 2, 1, 0, 4, 4, 2, 0, 0, 3, 0, 3, 2, 2, 0, 1, 4, 2, 3, 3, 0, 0, 4, 1, 4, 2, 3, 4, 3, 4, 0, 2, 1, 3, 0, 4, 2, 4, 1, 1, 2, 0, 0, 4, 0, 3, 0, 2, 4, 0, 1, 1, 2, 3, 0, 2, 2, 1, 2, 3, 3, 1, 1, 1, 2, 2, 1, 0, 4, 1, 3, 4, 0, 1, 1, 2, 4, 0, 4, 0, 2, 2, 2, 3, 1, 3, 2, 4, 2, 3, 3, 2, 1, 2, 2, 3, 4, 2, 3, 0, 0, 4, 3, 3, 2, 4, 2, 3, 3, 1, 2, 4, 0, 4, 0, 4, 2, 4, 0, 2, 3, 1, 3, 2, 0, 1, 0, 1, 3, 3, 4, 3, 3, 2, 3, 3, 1, 0, 3, 2, 0, 3, 0, 2, 4, 1, 3, 3, 2, 4, 3, 1, 2, 3, 4, 3, 1, 0, 3, 2, 2, 3, 1, 4, 4, 2, 3, 2, 2, 4, 3, 4, 2, 0, 3, 4, 4, 2, 1, 0, 3, 2, 0, 1, 1, 2, 2, 3, 0, 1, 0, 0, 4, 0, 4, 3, 3, 3, 4, 2, 0, 3, 3, 2, 0, 1, 3, 1, 1, 2, 3, 4, 2, 3, 4, 1, 3, 4, 4, 3, 3, 4, 3, 3, 1, 4, 3, 1, 3, 0, 3, 1, 4, 4, 1, 2, 1, 3, 3, 3, 4, 1, 3, 0, 0, 0, 1, 4, 1, 0, 4, 2, 1, 1, 3, 3, 4, 2, 0, 4, 2, 1, 1, 2, 2, 4, 2, 3, 2, 3, 2, 4, 0, 0, 2, 3, 0, 3, 4, 0, 0, 2, 2, 0, 0, 0, 1, 1, 0, 2, 1, 4, 3, 0, 4, 3, 4, 4, 0, 4, 2, 3, 1, 1, 4, 4, 2, 4, 1, 2, 3, 4, 4, 3, 3, 2, 3, 1, 4, 0, 3, 0, 0, 0, 1, 4, 2, 4, 2, 0, 0, 1, 1, 4, 3, 1, 2, 1, 0, 4, 3, 1, 2, 4, 1, 2, 3, 0, 1, 0, 3, 1, 4, 4, 1, 1, 0, 1, 2, 0, 0, 3, 4, 0, 2, 3, 4, 2, 3, 2, 4, 3, 2, 4, 3, 4, 3, 4, 4, 3, 2, 0, 4, 2, 0, 3, 3, 4, 4, 1, 0, 4, 3, 2, 0, 0, 2, 4, 4, 4, 2, 1, 2, 2, 4, 3, 0, 2, 3, 1, 3, 1, 2, 1, 0, 2, 4, 1, 0, 0, 3, 1, 0, 0, 2, 2, 2, 3, 1, 3, 3, 1, 1, 2, 2, 4, 2, 3, 2, 1, 3, 4, 1, 2, 3, 2, 4, 1, 0, 0, 3, 2, 2, 0, 3, 1, 0, 2, 0, 2, 1, 0, 3, 0, 4, 0, 0, 0, 3, 4, 1, 1, 1, 1, 3, 1, 4, 3, 0, 1, 3, 0, 3, 2, 3, 1, 3, 4, 0, 3, 4, 4, 2, 1, 3, 0, 2, 1, 0, 0, 2, 1, 2, 1, 4, 0, 4, 3, 3, 3, 1, 2, 3, 1, 2, 1, 4, 1, 4, 1, 1, 2, 4, 0, 2, 1, 4, 1, 4, 0, 2, 4, 4, 3, 0, 2, 2, 4, 3, 1, 0, 4, 3, 2, 1, 0, 2, 4, 0, 1, 2, 0, 4, 0, 3, 2, 3, 3, 4, 2, 2, 2, 0, 3, 4, 0, 2, 3, 4, 1, 1, 3, 1, 2, 1, 1, 2, 2, 0, 2, 1, 4, 1, 0, 3, 3, 1, 2, 3, 2, 4, 2, 0, 0, 2, 1, 0, 4, 2, 2, 0, 4, 4, 2, 3, 3, 1, 3, 1, 3, 1, 1, 1, 2, 3, 3, 0, 4, 2, 0, 1, 4, 1, 2, 3, 0, 3, 3, 0, 2, 4, 3, 0, 3, 2, 4, 4, 1, 1, 4, 3, 3, 2, 0, 4, 2, 0, 4, 1, 1, 1, 3, 4, 0, 1, 1, 2, 3, 2, 3, 4, 3, 1, 1, 3, 1, 4, 4, 1, 2, 1, 1, 0, 0, 4, 0, 1, 1, 1, 0, 4, 3, 4, 0, 3, 3, 1, 1, 2, 1, 3, 3, 2, 0, 3, 1, 1, 3, 0, 4, 2, 4, 2, 4, 0, 4, 0, 0, 4, 4, 3, 1, 0, 4, 4, 0, 4, 0, 4, 0, 2, 3, 2, 3, 4, 3, 2, 4, 2, 2, 4, 2, 0, 3, 1, 1, 1, 2, 3, 4, 1, 3, 2, 4, 0, 3, 3, 1, 0, 2, 4, 2, 0, 4, 3, 3, 2, 2, 1, 1, 1, 2, 4, 2, 1, 2, 2, 2, 0, 3, 2, 2, 2, 1, 3, 3, 0, 0, 1, 1, 2, 4, 3, 0, 3, 1, 4, 4, 4, 0, 4, 3, 2, 4, 4, 4, 0, 3, 2, 1, 1, 4, 4, 1, 1, 3, 0, 3, 4, 1, 2, 0, 0, 4, 3, 1, 3, 0, 4, 2, 3, 1, 3, 4, 3, 3, 0, 1, 0, 1, 3, 1, 3, 1, 0, 4, 3, 4, 4, 0, 3, 2, 4, 1, 4, 0, 4, 3, 0, 2, 0, 2, 2, 3, 0, 3, 3, 0, 0, 4, 2, 1, 1, 1, 0, 3, 1, 3, 2, 2, 1, 2, 0, 1, 2, 3, 1, 1, 3, 2, 0, 3, 4, 2, 4, 2, 2, 4, 1, 3, 1, 3, 3, 1, 3, 4, 4, 3, 3, 3, 1, 2, 3, 1, 4, 0, 4, 3, 2, 0, 4, 0, 2, 4, 2, 0, 3, 3, 2, 3, 0, 4, 0, 3, 1, 2, 2, 4, 0, 0, 1, 4, 1, 2, 2, 1, 0, 3, 4, 2, 4, 2, 3, 4, 4, 4, 3, 0, 0, 1, 3, 3, 0, 2, 2, 0, 0, 3, 4, 1, 1, 2, 2, 4, 3, 2, 2, 4, 0, 2, 2, 1, 3, 3, 4, 1, 4, 3, 2, 3, 1, 4, 0, 0, 0, 1, 1, 0, 0, 1, 0, 0, 4, 1, 4, 3, 1, 2, 3, 4, 3, 1, 1, 2, 4, 0, 3, 4, 1, 2, 2, 0, 2, 2, 4, 2, 0, 2, 1, 0, 3, 4, 2, 1, 1, 2, 1, 0, 2, 1, 0, 4, 3, 4, 4, 2, 0, 2, 3, 2, 4, 1, 2, 3, 2, 1, 1, 3, 1, 0, 0, 2, 4, 1, 3, 1, 3, 1, 1, 4, 0, 4, 4, 2, 1, 1, 3, 3, 4, 0, 1, 0, 4, 2, 2, 2, 1, 4, 3, 2, 3, 1, 0, 4, 1, 1, 3, 0, 0, 1, 2, 4, 2, 1, 1, 3, 0, 2, 2, 1, 1, 3, 4, 3, 0, 4, 3, 0, 4, 4, 0, 0, 4, 1, 2, 3, 1, 1, 4, 1, 1, 1, 1, 4, 0, 0, 0, 1, 1, 0, 4, 4, 3, 0, 4, 4, 1, 2, 1, 3, 1, 3, 1, 2, 3, 4, 2, 4, 2, 2, 0, 4, 1, 0, 1, 2, 2, 1, 3, 0, 2, 3, 2, 3, 1, 3, 4, 1, 2, 2, 0, 4, 2, 1, 2, 3, 0, 4, 0, 2, 3, 3, 4, 2, 1, 2, 0, 2, 0, 0, 2, 3, 0, 3, 1, 1, 2, 0, 3, 0, 3, 2, 1, 3, 4, 0, 2, 0, 1, 4, 1, 4, 3, 2, 1, 4, 1, 0, 4, 0, 4, 0, 4, 2, 1, 0, 0, 3, 0, 0, 4, 2, 4, 1, 1, 0, 3, 4, 4, 4, 0, 3, 0, 1, 1, 3, 2, 4, 4, 0, 4, 3, 3, 4, 2, 1, 4, 1, 0, 2, 0, 2, 4, 3, 1, 4, 0, 1, 0, 1, 0, 1, 4, 4, 2, 4, 2, 0, 1, 4, 4, 4, 4, 4, 3, 2, 2, 1, 0, 3, 0, 2, 2, 1, 0, 4, 4, 3, 1, 4, 1, 3, 4, 4, 1, 3, 0, 1, 4, 0, 0, 3, 0, 3, 1, 0, 2, 0, 3, 1, 0, 1, 3, 1, 1, 0, 3, 1, 1, 3, 1, 0, 0, 3, 3, 3, 1, 1, 0, 0, 1, 4, 0, 0, 3, 3, 1, 3, 0, 1, 1, 0, 4, 0, 2, 1, 3, 3, 3, 2, 3, 3, 3, 1, 2, 2, 0, 2, 3, 0, 3, 2, 3, 3, 2, 1, 4, 3, 3, 4, 0, 1, 3, 3, 2, 1, 3, 4, 3, 3, 3, 2, 4, 2, 1, 3, 2, 0, 2, 4, 3, 4, 3, 4, 1, 3, 1, 4, 3, 2, 0, 0, 4, 1, 3, 0, 1, 2, 2, 1, 2, 2, 4, 2, 1, 1, 3, 1, 2, 4, 4, 1, 2, 0, 4, 2, 0, 0, 2, 2, 4, 1, 2, 2, 4, 2, 0, 0, 3, 3, 2, 4, 0, 1, 1, 0, 1, 1, 1, 1, 0, 0, 2, 2, 3, 2, 3, 0, 0, 4, 1, 1, 0, 1, 1, 2, 2, 2, 1, 0, 0, 1, 1, 2, 3, 4, 4, 4, 1, 4, 3, 0, 1, 0, 1, 4, 1, 2, 1, 1, 1, 2, 1, 1, 2, 4, 1, 0, 1, 3, 0, 0, 3, 1, 3, 2, 3, 0, 4, 0, 0, 0, 1, 4, 3, 3, 4, 2, 2, 2, 1, 1, 1, 0, 0, 1, 3, 2, 4, 0, 3, 0, 0, 4, 4, 2, 0, 3, 4, 2, 2, 3, 4, 1, 1, 2, 0, 2, 0, 0, 2, 2, 3, 4, 1, 1, 3, 0, 3, 4, 4, 1, 3, 2, 3, 4, 4, 4, 1]
prediction:   [3, 4, 2, 1, 3, 2, 3, 0, 3, 3, 3, 2, 4, 2, 1, 4, 0, 1, 0, 0, 4, 0, 0, 0, 4, 4, 3, 4, 2, 2, 3, 0, 4, 3, 1, 1, 1, 4, 4, 4, 3, 0, 1, 0, 4, 4, 2, 1, 1, 1, 1, 0, 0, 3, 2, 3, 1, 3, 4, 2, 3, 1, 0, 3, 1, 3, 3, 0, 2, 2, 1, 0, 2, 4, 3, 0, 3, 4, 2, 4, 2, 0, 4, 1, 2, 0, 2, 2, 1, 0, 0, 3, 3, 1, 1, 4, 2, 2, 2, 1, 1, 2, 1, 2, 0, 2, 1, 4, 1, 4, 0, 0, 4, 1, 0, 2, 0, 3, 4, 1, 4, 0, 0, 4, 2, 1, 0, 1, 2, 4, 3, 3, 2, 0, 4, 4, 0, 2, 0, 1, 1, 4, 2, 1, 2, 0, 3, 2, 1, 3, 1, 0, 1, 2, 3, 1, 1, 3, 2, 4, 3, 0, 2, 3, 1, 4, 0, 1, 3, 3, 0, 3, 0, 0, 3, 3, 1, 3, 0, 4, 0, 0, 0, 2, 2, 3, 3, 2, 1, 4, 0, 3, 2, 4, 0, 2, 4, 4, 2, 3, 3, 4, 4, 4, 0, 4, 0, 3, 4, 2, 4, 4, 3, 2, 4, 2, 3, 1, 4, 2, 3, 0, 1, 4, 2, 1, 1, 2, 2, 3, 4, 0, 2, 2, 4, 1, 1, 2, 0, 4, 4, 1, 0, 0, 0, 1, 1, 1, 4, 4, 4, 0, 0, 1, 3, 3, 2, 4, 0, 2, 1, 0, 1, 0, 3, 3, 2, 0, 3, 2, 2, 3, 2, 0, 3, 4, 1, 4, 4, 4, 4, 4, 0, 4, 0, 2, 4, 2, 2, 0, 3, 0, 1, 1, 3, 0, 1, 0, 4, 4, 4, 2, 2, 4, 3, 1, 4, 2, 1, 4, 0, 4, 0, 1, 2, 0, 4, 4, 2, 1, 3, 2, 1, 1, 3, 4, 4, 4, 0, 1, 1, 3, 2, 2, 0, 4, 3, 1, 2, 0, 2, 0, 0, 2, 4, 1, 4, 0, 1, 3, 3, 1, 2, 2, 1, 4, 4, 0, 3, 1, 2, 2, 3, 2, 2, 0, 4, 2, 0, 0, 3, 4, 1, 3, 2, 4, 3, 3, 2, 2, 1, 2, 1, 0, 1, 0, 4, 1, 3, 4, 2, 0, 3, 2, 2, 4, 4, 1, 4, 0, 2, 3, 2, 1, 3, 1, 3, 4, 0, 4, 1, 3, 0, 0, 4, 4, 4, 1, 1, 3, 2, 4, 4, 0, 2, 3, 2, 4, 1, 1, 2, 3, 2, 1, 0, 0, 2, 2, 4, 1, 0, 1, 1, 0, 4, 0, 4, 1, 0, 2, 2, 1, 0, 4, 3, 0, 4, 4, 0, 3, 0, 1, 1, 4, 4, 0, 2, 1, 0, 4, 4, 2, 0, 0, 3, 0, 3, 2, 2, 0, 1, 4, 2, 3, 3, 0, 0, 4, 1, 4, 2, 3, 4, 3, 4, 0, 2, 1, 3, 0, 4, 2, 4, 1, 1, 2, 0, 0, 4, 0, 3, 0, 2, 4, 0, 1, 1, 2, 3, 0, 2, 2, 1, 2, 3, 3, 1, 1, 1, 2, 2, 1, 0, 4, 1, 3, 4, 0, 1, 1, 2, 4, 0, 4, 0, 2, 2, 2, 3, 1, 3, 2, 4, 2, 3, 3, 2, 1, 2, 2, 3, 4, 2, 3, 0, 0, 4, 3, 3, 2, 4, 2, 3, 3, 1, 2, 4, 0, 4, 0, 4, 2, 4, 0, 2, 3, 1, 3, 2, 0, 1, 0, 1, 3, 3, 4, 3, 3, 2, 3, 3, 1, 0, 3, 2, 0, 3, 0, 2, 4, 1, 3, 3, 2, 4, 3, 1, 2, 3, 4, 3, 1, 0, 3, 2, 2, 3, 1, 4, 4, 2, 3, 2, 2, 4, 3, 4, 2, 0, 3, 4, 4, 2, 1, 0, 3, 2, 0, 1, 1, 2, 2, 3, 0, 1, 0, 0, 4, 0, 4, 3, 3, 3, 4, 2, 0, 3, 3, 2, 0, 1, 3, 1, 1, 2, 3, 4, 2, 3, 4, 1, 3, 4, 4, 3, 3, 4, 3, 3, 1, 4, 3, 1, 3, 0, 3, 1, 4, 3, 1, 2, 1, 3, 3, 3, 4, 1, 3, 0, 0, 2, 1, 4, 1, 4, 4, 2, 1, 1, 3, 3, 4, 2, 0, 4, 2, 1, 1, 2, 2, 4, 2, 3, 2, 3, 2, 4, 0, 0, 2, 3, 0, 3, 4, 0, 2, 2, 2, 0, 0, 0, 1, 1, 0, 2, 1, 4, 3, 0, 4, 3, 4, 4, 0, 4, 2, 3, 1, 1, 4, 4, 2, 4, 1, 2, 3, 4, 4, 3, 3, 2, 3, 1, 4, 0, 3, 0, 0, 0, 1, 4, 2, 4, 2, 0, 0, 1, 1, 4, 3, 1, 2, 1, 0, 4, 3, 1, 2, 4, 1, 2, 3, 0, 1, 0, 3, 1, 4, 4, 1, 1, 0, 1, 2, 0, 0, 3, 4, 0, 2, 3, 4, 0, 3, 2, 4, 3, 2, 4, 3, 4, 3, 4, 4, 3, 2, 0, 4, 2, 0, 3, 3, 4, 4, 1, 0, 4, 3, 2, 0, 0, 2, 4, 4, 4, 2, 1, 2, 2, 4, 3, 0, 2, 3, 1, 3, 1, 2, 1, 0, 2, 4, 1, 0, 0, 3, 1, 0, 0, 2, 0, 2, 3, 1, 3, 3, 1, 1, 2, 2, 4, 2, 3, 2, 1, 3, 4, 1, 2, 3, 2, 1, 1, 0, 0, 3, 2, 2, 0, 3, 1, 0, 2, 0, 2, 1, 0, 3, 0, 4, 0, 0, 0, 3, 4, 1, 1, 1, 1, 3, 4, 4, 3, 0, 1, 3, 0, 3, 2, 3, 1, 3, 4, 0, 3, 4, 4, 2, 1, 3, 0, 2, 1, 2, 0, 2, 1, 2, 1, 4, 0, 4, 3, 3, 3, 1, 2, 3, 4, 2, 1, 4, 1, 4, 1, 1, 2, 4, 0, 2, 1, 4, 1, 4, 0, 2, 4, 4, 3, 0, 2, 2, 4, 3, 1, 0, 4, 3, 2, 1, 0, 2, 4, 0, 1, 2, 0, 4, 0, 3, 2, 3, 3, 4, 2, 2, 2, 0, 3, 4, 0, 2, 3, 4, 1, 1, 3, 1, 2, 1, 1, 2, 2, 0, 2, 1, 4, 1, 0, 3, 3, 1, 2, 3, 2, 4, 2, 0, 0, 2, 4, 4, 4, 2, 2, 2, 4, 4, 2, 3, 3, 1, 3, 1, 3, 1, 1, 1, 2, 3, 3, 0, 4, 2, 0, 4, 4, 1, 2, 3, 0, 3, 3, 0, 2, 4, 3, 0, 3, 2, 4, 4, 1, 1, 4, 3, 3, 2, 0, 4, 2, 0, 4, 1, 1, 1, 3, 4, 0, 1, 1, 2, 3, 2, 3, 4, 3, 1, 1, 3, 1, 4, 4, 1, 2, 1, 1, 0, 0, 4, 0, 1, 1, 1, 0, 4, 3, 4, 0, 3, 3, 1, 1, 2, 1, 3, 3, 2, 0, 3, 1, 1, 3, 0, 4, 2, 4, 2, 4, 0, 4, 0, 0, 4, 4, 3, 1, 0, 4, 4, 0, 4, 0, 4, 0, 0, 3, 2, 3, 4, 3, 2, 4, 2, 2, 4, 2, 0, 3, 1, 1, 1, 2, 3, 4, 1, 3, 2, 2, 0, 3, 3, 1, 0, 0, 4, 2, 0, 4, 3, 3, 2, 2, 1, 1, 1, 2, 4, 2, 1, 2, 2, 2, 0, 3, 2, 2, 2, 1, 3, 3, 0, 0, 1, 1, 2, 4, 3, 0, 3, 1, 4, 4, 4, 0, 4, 3, 2, 0, 4, 4, 0, 3, 2, 1, 1, 0, 4, 1, 1, 3, 0, 3, 4, 1, 2, 0, 0, 0, 3, 1, 3, 0, 4, 2, 3, 1, 3, 4, 3, 3, 0, 1, 0, 1, 3, 1, 3, 1, 0, 4, 3, 4, 4, 0, 3, 2, 4, 1, 4, 0, 4, 3, 0, 2, 2, 2, 2, 3, 0, 3, 3, 0, 0, 4, 2, 1, 1, 1, 0, 3, 1, 3, 2, 2, 1, 2, 0, 1, 2, 3, 1, 1, 3, 2, 0, 3, 4, 2, 4, 2, 2, 4, 1, 3, 1, 3, 3, 1, 3, 4, 4, 3, 3, 3, 1, 2, 3, 1, 4, 0, 4, 3, 2, 2, 4, 0, 2, 4, 2, 0, 3, 3, 2, 3, 0, 4, 0, 3, 1, 2, 2, 1, 0, 0, 1, 4, 1, 2, 2, 1, 0, 3, 4, 2, 4, 2, 3, 4, 4, 4, 3, 0, 0, 1, 3, 3, 0, 2, 2, 0, 0, 3, 4, 1, 1, 2, 2, 4, 3, 2, 2, 4, 0, 2, 2, 1, 3, 3, 4, 1, 4, 3, 2, 3, 1, 4, 0, 0, 4, 1, 1, 4, 0, 1, 0, 4, 4, 1, 4, 3, 1, 2, 3, 4, 3, 1, 1, 2, 4, 0, 3, 4, 1, 2, 2, 0, 2, 2, 4, 2, 0, 0, 1, 0, 3, 4, 2, 1, 1, 2, 1, 0, 2, 1, 0, 4, 3, 4, 4, 2, 0, 2, 3, 2, 4, 1, 2, 3, 2, 1, 1, 3, 1, 0, 0, 2, 4, 1, 3, 1, 3, 1, 1, 4, 0, 4, 4, 2, 1, 1, 3, 3, 4, 0, 1, 0, 4, 2, 2, 2, 1, 4, 3, 2, 3, 1, 0, 4, 1, 1, 3, 0, 0, 1, 2, 4, 2, 1, 1, 3, 0, 2, 2, 1, 1, 3, 4, 3, 0, 4, 3, 0, 4, 4, 0, 0, 4, 1, 2, 3, 1, 1, 4, 1, 1, 1, 1, 4, 0, 0, 0, 1, 1, 0, 4, 4, 3, 0, 4, 4, 1, 2, 1, 3, 1, 3, 1, 2, 3, 4, 2, 4, 2, 2, 0, 4, 1, 4, 1, 2, 2, 1, 3, 0, 2, 3, 0, 3, 1, 3, 4, 1, 2, 0, 0, 4, 2, 1, 2, 3, 0, 4, 0, 2, 3, 3, 4, 2, 1, 2, 0, 2, 0, 0, 2, 3, 0, 3, 1, 1, 2, 0, 3, 0, 3, 2, 1, 3, 4, 0, 2, 0, 1, 4, 1, 4, 3, 2, 1, 4, 1, 0, 4, 0, 4, 0, 4, 2, 1, 0, 0, 3, 0, 0, 4, 2, 4, 1, 1, 0, 3, 0, 4, 4, 0, 3, 0, 1, 1, 3, 2, 4, 4, 0, 4, 3, 3, 4, 2, 1, 4, 1, 0, 2, 0, 2, 4, 3, 1, 4, 0, 1, 0, 1, 0, 1, 4, 4, 2, 4, 2, 0, 1, 4, 4, 4, 4, 4, 3, 2, 2, 2, 0, 3, 0, 2, 2, 1, 0, 4, 4, 3, 1, 4, 1, 3, 4, 4, 1, 3, 0, 1, 4, 0, 0, 3, 0, 3, 1, 0, 2, 0, 3, 1, 0, 1, 3, 1, 1, 0, 3, 1, 1, 3, 1, 0, 0, 3, 3, 3, 1, 1, 0, 0, 1, 4, 0, 0, 3, 3, 1, 3, 0, 1, 1, 0, 4, 0, 2, 1, 3, 3, 3, 2, 3, 3, 3, 1, 2, 2, 0, 2, 3, 0, 3, 2, 3, 3, 2, 1, 4, 3, 3, 4, 0, 1, 3, 3, 2, 1, 3, 4, 3, 3, 3, 2, 4, 2, 1, 3, 2, 0, 2, 4, 3, 4, 3, 4, 1, 3, 1, 4, 3, 2, 0, 0, 4, 1, 3, 0, 1, 2, 2, 1, 2, 2, 4, 2, 1, 1, 3, 1, 2, 4, 4, 1, 2, 0, 4, 2, 2, 0, 2, 2, 4, 1, 2, 2, 4, 2, 0, 0, 3, 3, 2, 4, 0, 1, 1, 0, 1, 1, 1, 1, 0, 0, 2, 2, 3, 2, 3, 0, 0, 4, 1, 1, 0, 1, 1, 2, 2, 2, 1, 0, 0, 1, 1, 2, 3, 4, 4, 4, 1, 4, 3, 0, 1, 0, 1, 4, 1, 2, 1, 1, 1, 2, 1, 1, 2, 4, 1, 0, 1, 3, 0, 0, 3, 4, 3, 2, 3, 0, 4, 0, 0, 0, 1, 4, 3, 3, 4, 2, 2, 2, 1, 1, 1, 0, 0, 1, 3, 2, 4, 0, 3, 0, 0, 4, 4, 2, 0, 3, 4, 2, 2, 3, 4, 1, 1, 2, 0, 2, 0, 0, 2, 2, 3, 4, 1, 1, 3, 0, 3, 4, 4, 1, 3, 2, 3, 4, 4, 4, 1]

----------------------------TRAIN----------------------------


----------------------------TEST----------------------------

[[109   1   2   0   1]
 [  0  86   0   0   0]
 [  2   2  93   1   0]
 [  0   0   0 106   0]
 [  0   0   0   0 108]]
              precision    recall  f1-score   support

           0       0.98      0.96      0.97       113
           1       0.97      1.00      0.98        86
           2       0.98      0.95      0.96        98
           3       0.99      1.00      1.00       106
           4       0.99      1.00      1.00       108

    accuracy                           0.98       511
   macro avg       0.98      0.98      0.98       511
weighted avg       0.98      0.98      0.98       511


ground truth: [2, 1, 3, 2, 3, 4, 4, 0, 2, 0, 0, 0, 4, 1, 1, 0, 4, 1, 3, 0, 2, 3, 3, 1, 1, 2, 1, 0, 2, 3, 3, 0, 0, 2, 3, 3, 0, 2, 3, 2, 4, 4, 1, 4, 0, 3, 0, 3, 3, 3, 3, 3, 0, 4, 1, 0, 4, 4, 0, 1, 1, 1, 0, 0, 1, 3, 0, 2, 4, 0, 3, 2, 4, 2, 1, 0, 0, 4, 2, 3, 2, 4, 4, 1, 3, 2, 4, 4, 1, 1, 2, 0, 1, 0, 4, 2, 1, 1, 3, 3, 3, 0, 0, 0, 2, 0, 2, 4, 4, 1, 2, 1, 4, 3, 4, 0, 2, 2, 0, 1, 0, 3, 2, 4, 3, 0, 4, 2, 0, 4, 3, 0, 4, 2, 1, 4, 3, 4, 3, 4, 1, 4, 3, 3, 4, 4, 0, 2, 4, 2, 3, 0, 1, 4, 0, 2, 3, 2, 4, 1, 4, 0, 0, 0, 4, 1, 1, 1, 4, 4, 4, 3, 3, 1, 2, 3, 4, 4, 2, 0, 3, 4, 1, 4, 2, 2, 4, 3, 3, 2, 4, 1, 1, 4, 1, 0, 4, 4, 2, 2, 4, 2, 0, 1, 4, 3, 1, 2, 4, 0, 3, 4, 2, 2, 0, 1, 0, 2, 4, 1, 3, 4, 4, 4, 1, 1, 3, 0, 0, 3, 0, 3, 1, 0, 4, 4, 0, 0, 3, 4, 4, 1, 0, 2, 0, 0, 0, 2, 3, 1, 4, 0, 4, 0, 3, 3, 3, 0, 3, 0, 3, 0, 2, 1, 2, 4, 0, 4, 2, 2, 0, 1, 0, 1, 1, 3, 3, 2, 4, 4, 2, 0, 0, 1, 3, 0, 2, 0, 0, 1, 0, 3, 0, 4, 0, 4, 0, 2, 1, 2, 3, 0, 2, 2, 4, 0, 2, 1, 2, 2, 1, 2, 2, 3, 0, 4, 2, 1, 3, 4, 0, 2, 1, 0, 1, 4, 1, 1, 1, 4, 0, 3, 2, 2, 2, 0, 3, 2, 2, 4, 2, 0, 4, 1, 0, 4, 2, 3, 0, 3, 2, 3, 0, 2, 2, 4, 4, 3, 1, 4, 3, 3, 4, 3, 2, 4, 3, 3, 3, 0, 3, 2, 3, 2, 3, 0, 0, 2, 3, 4, 2, 2, 2, 3, 3, 4, 2, 0, 2, 2, 1, 4, 4, 4, 3, 2, 3, 1, 1, 4, 1, 0, 3, 3, 4, 2, 2, 0, 4, 2, 1, 4, 2, 1, 0, 0, 0, 2, 1, 0, 1, 2, 1, 3, 3, 3, 2, 3, 3, 1, 0, 3, 1, 1, 0, 4, 0, 4, 3, 4, 1, 0, 4, 3, 1, 4, 0, 4, 2, 1, 1, 2, 0, 4, 3, 3, 4, 2, 2, 0, 1, 4, 3, 3, 0, 3, 2, 1, 0, 0, 4, 0, 3, 0, 0, 4, 3, 3, 2, 4, 1, 2, 4, 0, 3, 1, 4, 0, 1, 1, 3, 0, 4, 3, 0, 3, 0, 4, 2, 1, 0, 3, 1, 3, 1, 0, 2, 3, 3, 3, 4]
prediction:   [2, 1, 3, 1, 3, 4, 4, 0, 2, 0, 0, 0, 4, 1, 1, 0, 4, 1, 3, 0, 2, 3, 3, 1, 1, 2, 1, 0, 2, 3, 3, 0, 0, 2, 3, 3, 0, 2, 3, 2, 4, 4, 1, 4, 0, 3, 0, 3, 3, 3, 3, 3, 0, 4, 1, 0, 4, 4, 0, 1, 1, 1, 2, 0, 1, 3, 0, 2, 4, 0, 3, 2, 4, 2, 1, 0, 0, 4, 2, 3, 0, 4, 4, 1, 3, 2, 4, 4, 1, 1, 2, 0, 1, 0, 4, 2, 1, 1, 3, 3, 3, 0, 0, 0, 2, 0, 2, 4, 4, 1, 2, 1, 4, 3, 4, 0, 2, 2, 0, 1, 0, 3, 2, 4, 3, 0, 4, 2, 0, 4, 3, 0, 4, 2, 1, 4, 3, 4, 3, 4, 1, 4, 3, 3, 4, 4, 0, 2, 4, 2, 3, 0, 1, 4, 0, 2, 3, 2, 4, 1, 4, 0, 0, 0, 4, 1, 1, 1, 4, 4, 4, 3, 3, 1, 2, 3, 4, 4, 2, 0, 3, 4, 1, 4, 2, 2, 4, 3, 3, 2, 4, 1, 1, 4, 1, 0, 4, 4, 2, 2, 4, 2, 0, 1, 4, 3, 1, 2, 4, 0, 3, 4, 2, 2, 0, 1, 0, 2, 4, 1, 3, 4, 4, 4, 1, 1, 3, 0, 0, 3, 0, 3, 1, 4, 4, 4, 0, 0, 3, 4, 4, 1, 0, 2, 0, 0, 0, 2, 3, 1, 4, 0, 4, 1, 3, 3, 3, 0, 3, 0, 3, 0, 2, 1, 2, 4, 0, 4, 2, 2, 0, 1, 0, 1, 1, 3, 3, 2, 4, 4, 3, 0, 0, 1, 3, 0, 2, 0, 0, 1, 0, 3, 0, 4, 0, 4, 0, 2, 1, 2, 3, 0, 2, 2, 4, 0, 2, 1, 2, 2, 1, 2, 2, 3, 0, 4, 2, 1, 3, 4, 2, 2, 1, 0, 1, 4, 1, 1, 1, 4, 0, 3, 2, 2, 2, 0, 3, 2, 2, 4, 2, 0, 4, 1, 0, 4, 2, 3, 0, 3, 1, 3, 0, 2, 2, 4, 4, 3, 1, 4, 3, 3, 4, 3, 2, 4, 3, 3, 3, 0, 3, 2, 3, 2, 3, 0, 0, 2, 3, 4, 2, 2, 2, 3, 3, 4, 2, 0, 2, 2, 1, 4, 4, 4, 3, 2, 3, 1, 1, 4, 1, 0, 3, 3, 4, 2, 2, 0, 4, 2, 1, 4, 0, 1, 0, 0, 0, 2, 1, 0, 1, 2, 1, 3, 3, 3, 2, 3, 3, 1, 0, 3, 1, 1, 0, 4, 0, 4, 3, 4, 1, 0, 4, 3, 1, 4, 0, 4, 2, 1, 1, 2, 0, 4, 3, 3, 4, 2, 2, 0, 1, 4, 3, 3, 0, 3, 2, 1, 0, 0, 4, 0, 3, 0, 0, 4, 3, 3, 2, 4, 1, 2, 4, 0, 3, 1, 4, 0, 1, 1, 3, 0, 4, 3, 0, 3, 0, 4, 2, 1, 0, 3, 1, 3, 1, 0, 2, 3, 3, 3, 4]

----------------------------TEST----------------------------


Epochs: 2                 | Train Loss:  0.004                 | Train Accuracy:  0.981                 | Val Loss:  0.003                 | Val Accuracy:  0.982

100%|██████████████████████████████████████████████████████████████████████████████████████████████████████████████████████████████████████████████████████████████████████████████████████████████████████████████████████████████████████████████████| 64/64 [50:56<00:00, 47.76s/it]


----------------------------TRAIN----------------------------

[[392   0   2   1   3]
 [  0 423   2   0   0]
 [  0   0 412   0   1]
 [  1   0   0 404   0]
 [  1   1   0   0 401]]
              precision    recall  f1-score   support

           0       0.99      0.98      0.99       398
           1       1.00      1.00      1.00       425
           2       0.99      1.00      0.99       413
           3       1.00      1.00      1.00       405
           4       0.99      1.00      0.99       403

    accuracy                           0.99      2044
   macro avg       0.99      0.99      0.99      2044
weighted avg       0.99      0.99      0.99      2044


ground truth: [4, 0, 4, 4, 3, 3, 3, 3, 4, 0, 3, 3, 0, 2, 0, 2, 2, 2, 2, 0, 4, 1, 0, 0, 0, 4, 4, 4, 2, 0, 4, 1, 3, 2, 1, 2, 3, 0, 4, 1, 4, 1, 3, 1, 2, 0, 0, 1, 0, 3, 1, 4, 4, 4, 4, 1, 1, 0, 3, 0, 2, 0, 3, 1, 4, 0, 2, 4, 0, 0, 2, 1, 3, 0, 1, 4, 1, 4, 0, 1, 3, 4, 4, 0, 4, 4, 3, 3, 3, 0, 4, 4, 2, 2, 4, 2, 4, 3, 1, 4, 2, 1, 4, 4, 2, 0, 1, 0, 0, 3, 3, 4, 2, 4, 3, 2, 1, 0, 3, 4, 3, 2, 2, 2, 0, 2, 3, 2, 1, 2, 0, 4, 3, 3, 0, 3, 4, 0, 4, 3, 2, 1, 0, 0, 1, 0, 3, 1, 0, 4, 4, 0, 4, 0, 4, 1, 2, 1, 0, 1, 4, 1, 4, 2, 4, 4, 3, 3, 4, 1, 3, 4, 1, 0, 4, 1, 0, 4, 0, 4, 3, 0, 4, 3, 3, 1, 4, 4, 3, 2, 0, 1, 0, 3, 4, 1, 3, 3, 3, 0, 1, 1, 2, 4, 4, 0, 0, 1, 3, 3, 4, 1, 3, 2, 2, 3, 1, 3, 2, 4, 2, 4, 2, 3, 2, 0, 3, 1, 1, 4, 3, 3, 4, 0, 2, 2, 4, 4, 1, 1, 1, 0, 1, 3, 1, 3, 0, 0, 4, 4, 0, 4, 2, 3, 3, 0, 4, 1, 1, 1, 0, 3, 2, 0, 4, 1, 4, 0, 3, 2, 2, 0, 3, 0, 3, 1, 1, 2, 4, 4, 4, 0, 0, 1, 3, 1, 1, 3, 0, 2, 2, 4, 2, 2, 3, 1, 0, 1, 4, 1, 4, 2, 0, 1, 4, 0, 1, 1, 0, 1, 3, 3, 1, 3, 3, 4, 0, 2, 3, 2, 1, 4, 4, 0, 0, 0, 2, 0, 2, 3, 2, 1, 3, 2, 1, 2, 1, 0, 3, 2, 0, 3, 3, 4, 0, 3, 3, 0, 0, 2, 1, 0, 0, 1, 4, 1, 2, 0, 1, 1, 1, 1, 0, 1, 1, 1, 3, 1, 4, 2, 2, 4, 4, 4, 1, 1, 0, 3, 2, 3, 2, 3, 0, 2, 3, 0, 0, 1, 1, 3, 4, 0, 2, 4, 2, 2, 0, 1, 2, 2, 0, 1, 1, 2, 4, 4, 0, 4, 1, 4, 1, 4, 4, 3, 1, 3, 4, 2, 0, 4, 3, 1, 3, 0, 0, 4, 3, 4, 2, 0, 3, 4, 1, 0, 4, 3, 2, 4, 4, 1, 1, 1, 3, 1, 0, 4, 3, 1, 2, 0, 0, 3, 1, 3, 1, 1, 3, 0, 1, 2, 0, 1, 4, 2, 3, 4, 4, 1, 3, 4, 2, 2, 3, 2, 1, 3, 2, 1, 0, 1, 3, 2, 1, 0, 2, 0, 2, 4, 0, 4, 0, 0, 2, 1, 0, 4, 0, 0, 2, 2, 2, 4, 0, 3, 0, 2, 0, 2, 4, 2, 2, 3, 2, 3, 3, 0, 4, 3, 2, 1, 3, 1, 4, 3, 3, 2, 2, 1, 0, 1, 1, 0, 2, 2, 0, 1, 0, 2, 2, 0, 4, 3, 0, 1, 4, 4, 0, 2, 1, 3, 1, 4, 4, 1, 1, 1, 4, 3, 4, 0, 0, 0, 0, 0, 3, 2, 0, 4, 0, 0, 3, 4, 0, 4, 0, 0, 0, 2, 4, 1, 2, 0, 4, 0, 0, 0, 4, 3, 0, 1, 3, 0, 4, 2, 1, 2, 2, 1, 3, 2, 2, 4, 4, 0, 2, 2, 4, 3, 1, 1, 3, 0, 3, 1, 4, 3, 2, 3, 4, 3, 4, 2, 4, 3, 2, 3, 0, 2, 2, 3, 0, 4, 3, 0, 3, 2, 2, 0, 2, 2, 3, 4, 2, 4, 1, 3, 3, 3, 1, 2, 1, 3, 3, 2, 4, 0, 0, 3, 0, 2, 3, 1, 3, 2, 4, 2, 4, 1, 0, 0, 4, 3, 3, 4, 2, 3, 2, 0, 2, 4, 4, 1, 0, 0, 0, 1, 0, 2, 1, 4, 2, 2, 3, 4, 2, 1, 4, 3, 4, 2, 1, 1, 4, 4, 2, 0, 4, 3, 4, 1, 0, 1, 4, 3, 1, 1, 4, 3, 4, 0, 1, 3, 0, 3, 4, 4, 1, 0, 1, 2, 3, 1, 1, 2, 1, 0, 3, 2, 2, 3, 4, 3, 2, 3, 2, 2, 4, 0, 2, 3, 3, 3, 1, 1, 2, 0, 1, 0, 1, 2, 4, 1, 3, 4, 1, 2, 3, 4, 4, 4, 2, 0, 3, 2, 3, 4, 1, 1, 4, 2, 4, 4, 2, 4, 4, 3, 0, 1, 4, 2, 3, 1, 2, 4, 1, 4, 3, 2, 2, 1, 3, 0, 4, 3, 2, 1, 3, 3, 4, 1, 2, 4, 3, 0, 2, 4, 2, 2, 0, 4, 2, 0, 1, 2, 2, 0, 4, 0, 3, 4, 4, 0, 1, 2, 4, 0, 0, 4, 1, 1, 4, 3, 4, 1, 4, 0, 0, 3, 0, 0, 3, 3, 1, 0, 4, 0, 3, 0, 3, 0, 3, 1, 3, 2, 2, 2, 1, 4, 4, 1, 1, 3, 0, 4, 2, 0, 1, 4, 0, 1, 3, 1, 2, 3, 3, 1, 2, 4, 0, 2, 1, 2, 1, 3, 0, 0, 3, 2, 2, 1, 0, 4, 4, 3, 3, 0, 1, 4, 3, 1, 0, 0, 0, 1, 0, 4, 1, 0, 1, 1, 2, 0, 0, 2, 3, 3, 2, 0, 0, 1, 1, 2, 2, 1, 4, 1, 1, 0, 4, 0, 3, 1, 2, 1, 3, 4, 4, 1, 1, 3, 4, 3, 2, 4, 1, 2, 4, 1, 1, 1, 3, 4, 1, 2, 1, 3, 3, 2, 4, 3, 4, 2, 3, 1, 3, 2, 2, 1, 1, 1, 3, 1, 4, 0, 4, 0, 4, 2, 2, 1, 2, 1, 3, 3, 2, 1, 4, 4, 4, 2, 2, 2, 4, 0, 3, 3, 4, 0, 3, 3, 1, 2, 1, 1, 3, 4, 1, 2, 2, 3, 1, 4, 2, 4, 0, 2, 1, 1, 3, 2, 3, 0, 4, 3, 3, 4, 1, 0, 4, 1, 3, 4, 3, 1, 1, 1, 1, 3, 3, 1, 2, 3, 2, 2, 3, 3, 3, 0, 3, 0, 4, 2, 1, 0, 4, 3, 1, 2, 4, 2, 2, 4, 3, 3, 4, 1, 2, 4, 3, 1, 0, 3, 2, 0, 2, 2, 4, 3, 4, 4, 1, 0, 2, 2, 4, 4, 0, 1, 4, 0, 0, 1, 2, 0, 0, 0, 0, 1, 2, 3, 1, 0, 1, 1, 0, 2, 1, 1, 0, 1, 2, 1, 4, 1, 1, 4, 0, 1, 4, 1, 1, 0, 0, 3, 1, 2, 1, 2, 4, 0, 1, 2, 3, 1, 4, 2, 1, 2, 0, 0, 4, 4, 3, 4, 2, 3, 4, 1, 0, 3, 2, 4, 2, 1, 0, 1, 0, 2, 1, 1, 0, 3, 3, 1, 3, 2, 4, 0, 3, 1, 4, 4, 2, 4, 2, 4, 4, 1, 0, 4, 0, 0, 1, 4, 2, 1, 0, 2, 0, 3, 4, 4, 0, 4, 2, 0, 2, 3, 2, 3, 4, 3, 0, 0, 1, 4, 3, 1, 4, 3, 0, 2, 4, 1, 2, 3, 3, 1, 1, 3, 1, 2, 3, 0, 3, 2, 4, 2, 0, 1, 2, 3, 0, 0, 4, 4, 1, 0, 2, 4, 1, 0, 3, 0, 1, 3, 2, 2, 2, 4, 0, 2, 3, 2, 3, 1, 2, 1, 1, 1, 4, 0, 4, 2, 3, 2, 1, 0, 1, 2, 2, 4, 1, 1, 0, 1, 3, 4, 1, 0, 3, 2, 3, 3, 4, 3, 1, 2, 1, 0, 2, 4, 2, 2, 3, 1, 3, 2, 4, 2, 4, 4, 3, 1, 3, 1, 2, 4, 4, 0, 2, 2, 2, 3, 2, 3, 3, 4, 1, 4, 2, 1, 0, 2, 2, 4, 2, 4, 1, 1, 3, 2, 4, 3, 1, 2, 2, 1, 1, 4, 2, 4, 3, 3, 2, 1, 0, 2, 1, 1, 2, 1, 1, 2, 1, 3, 4, 2, 3, 3, 4, 4, 3, 3, 1, 1, 1, 4, 1, 1, 3, 4, 2, 0, 3, 0, 0, 0, 4, 3, 1, 3, 2, 4, 2, 1, 3, 0, 4, 4, 2, 1, 0, 3, 0, 1, 0, 0, 4, 0, 0, 0, 3, 4, 0, 3, 4, 4, 0, 1, 3, 3, 0, 0, 3, 4, 2, 3, 3, 0, 0, 1, 0, 2, 4, 0, 4, 3, 4, 2, 1, 2, 1, 2, 2, 1, 2, 2, 2, 4, 4, 2, 0, 1, 1, 4, 1, 1, 4, 1, 1, 3, 0, 0, 0, 4, 3, 4, 3, 4, 0, 1, 3, 4, 2, 4, 3, 4, 4, 4, 2, 2, 0, 2, 2, 0, 0, 3, 3, 0, 1, 2, 3, 1, 2, 2, 0, 4, 2, 2, 3, 3, 2, 2, 1, 4, 3, 1, 0, 3, 3, 0, 2, 4, 1, 3, 0, 3, 4, 2, 2, 4, 2, 1, 1, 4, 4, 3, 4, 1, 4, 2, 3, 3, 0, 1, 2, 2, 0, 3, 1, 1, 2, 0, 4, 0, 4, 3, 0, 2, 1, 4, 1, 3, 1, 1, 1, 0, 0, 3, 0, 2, 1, 4, 2, 2, 0, 1, 2, 3, 2, 0, 3, 3, 2, 0, 1, 0, 0, 4, 0, 1, 1, 0, 0, 2, 0, 2, 3, 3, 2, 1, 3, 0, 2, 2, 3, 3, 4, 1, 3, 2, 3, 1, 0, 2, 4, 3, 2, 2, 0, 2, 3, 0, 3, 3, 2, 4, 3, 3, 4, 1, 3, 2, 2, 4, 3, 3, 0, 4, 2, 1, 0, 3, 0, 2, 4, 1, 1, 1, 0, 4, 3, 1, 0, 0, 3, 1, 0, 2, 1, 2, 1, 0, 3, 3, 3, 1, 4, 0, 4, 3, 1, 1, 3, 0, 0, 1, 4, 2, 3, 0, 3, 1, 4, 3, 4, 3, 1, 0, 3, 1, 3, 2, 2, 3, 4, 1, 0, 3, 2, 2, 3, 1, 1, 1, 0, 2, 4, 1, 3, 1, 2, 1, 2, 0, 2, 3, 3, 2, 2, 3, 3, 1, 3, 4, 4, 4, 4, 2, 2, 0, 2, 2, 4, 4, 3, 0, 3, 2, 2, 2, 3, 0, 3, 0, 1, 2, 0, 0, 0, 0, 0, 3, 4, 2, 1, 4, 4, 4, 2, 2, 2, 0, 4, 2, 3, 4, 2, 0, 2, 4, 0, 3, 4, 4, 1, 2, 0, 1, 0, 1, 2, 1, 4, 2, 2, 1, 2, 1, 4, 0, 3, 0, 4, 4, 3, 0, 2, 4, 4, 4, 1, 2, 4, 1, 1, 2, 0, 1, 1, 1, 0, 3, 0, 1, 0, 1, 4, 2, 0, 0, 0, 0, 0, 1, 0, 4, 2, 4, 0, 4, 3, 3, 3, 1, 0, 4, 3, 1, 2, 2, 4, 4, 1, 1, 3, 3, 1, 0, 0, 3, 2, 3, 2, 1, 4, 2, 4, 3, 3, 1, 3, 0, 0, 0, 2, 3, 0, 4, 3, 1, 1, 0, 3, 0, 0, 4, 3, 1, 3, 3, 3, 4, 0, 3, 3, 3, 1, 4, 2, 0, 3, 4, 4, 1, 1, 1, 1, 3, 2, 1, 0, 1, 2, 2, 2, 0, 3, 4, 4, 0, 4, 2, 1, 2, 1, 0, 2, 3, 2, 0, 0, 2, 1, 2, 4, 4, 0, 2, 2, 3, 1, 0, 0, 2, 2, 0, 3, 0, 4, 1, 1, 2, 4, 2, 2, 0, 1, 1, 1, 1, 1, 2, 1, 4, 1, 4, 3, 3, 1, 4, 0, 1, 3, 3, 2, 1, 1, 1, 3, 3, 4, 2, 0, 3, 0, 4, 2, 2, 1, 3, 4, 0, 4, 3, 2, 3, 3, 3, 1, 0, 0, 4, 4, 3, 0, 1, 2, 1, 2, 3, 0, 2, 3, 2, 4, 2, 2, 3, 4, 2, 2, 0, 4, 4, 2, 1, 1, 3, 1, 1, 0, 2, 4, 2, 2, 4, 2, 4, 0, 3, 0, 3, 2, 4, 1, 0, 4, 2, 4, 3, 0, 4, 2, 3, 1, 3, 0, 3, 1, 1, 0, 0]
prediction:   [4, 0, 4, 4, 3, 3, 3, 3, 4, 0, 3, 3, 0, 2, 0, 2, 2, 2, 2, 0, 4, 1, 0, 0, 0, 4, 4, 4, 2, 0, 4, 1, 3, 2, 1, 2, 3, 0, 4, 1, 4, 1, 3, 1, 2, 0, 0, 1, 0, 3, 1, 4, 4, 4, 4, 1, 1, 0, 3, 0, 2, 0, 3, 1, 4, 0, 2, 4, 0, 0, 2, 1, 3, 0, 1, 4, 1, 4, 0, 1, 3, 4, 4, 0, 4, 4, 3, 3, 3, 0, 4, 4, 2, 2, 4, 2, 4, 3, 1, 4, 2, 1, 4, 4, 2, 0, 1, 0, 0, 3, 3, 4, 2, 4, 3, 2, 1, 0, 3, 4, 3, 2, 2, 2, 0, 2, 3, 2, 1, 2, 0, 4, 3, 3, 0, 3, 4, 0, 4, 3, 2, 1, 0, 0, 1, 0, 3, 1, 0, 4, 4, 0, 4, 0, 4, 1, 2, 1, 0, 1, 4, 1, 4, 2, 4, 4, 3, 3, 4, 1, 3, 4, 1, 0, 4, 1, 0, 4, 0, 4, 3, 0, 4, 3, 3, 1, 4, 4, 3, 2, 0, 1, 0, 3, 4, 1, 3, 3, 3, 0, 1, 1, 2, 4, 4, 0, 0, 1, 3, 3, 4, 1, 3, 2, 2, 3, 1, 3, 2, 4, 2, 4, 2, 3, 2, 0, 3, 1, 1, 4, 3, 3, 4, 0, 2, 2, 4, 4, 1, 1, 1, 0, 1, 3, 1, 3, 0, 0, 4, 4, 0, 4, 2, 3, 3, 0, 4, 1, 1, 1, 0, 3, 2, 0, 4, 1, 4, 0, 3, 2, 2, 0, 3, 0, 3, 1, 1, 2, 4, 4, 4, 0, 0, 1, 3, 1, 1, 3, 0, 2, 2, 4, 2, 2, 3, 1, 0, 1, 4, 1, 4, 2, 0, 1, 4, 0, 1, 1, 0, 1, 3, 3, 1, 3, 3, 4, 0, 2, 3, 2, 1, 4, 4, 0, 0, 0, 2, 0, 2, 3, 2, 1, 3, 2, 1, 2, 1, 0, 3, 2, 0, 3, 3, 4, 0, 3, 3, 0, 0, 2, 1, 0, 0, 1, 4, 1, 2, 0, 1, 1, 1, 1, 0, 1, 1, 1, 3, 1, 4, 2, 2, 4, 4, 4, 1, 1, 0, 3, 2, 3, 2, 3, 0, 2, 3, 0, 0, 1, 1, 3, 4, 0, 2, 4, 2, 2, 0, 1, 2, 2, 0, 1, 1, 2, 4, 4, 0, 4, 1, 4, 1, 4, 4, 3, 1, 3, 4, 2, 0, 4, 3, 1, 3, 0, 0, 4, 3, 4, 2, 0, 3, 4, 1, 0, 4, 3, 2, 4, 4, 1, 1, 1, 3, 1, 0, 4, 3, 1, 2, 0, 0, 3, 1, 3, 1, 1, 3, 0, 1, 2, 0, 1, 4, 2, 3, 4, 4, 1, 3, 4, 2, 2, 3, 2, 1, 3, 2, 1, 0, 1, 3, 2, 1, 0, 2, 0, 2, 4, 0, 4, 0, 0, 2, 1, 0, 4, 0, 0, 2, 2, 2, 4, 0, 3, 0, 2, 0, 2, 4, 2, 2, 3, 2, 3, 3, 0, 4, 3, 2, 1, 3, 1, 4, 3, 3, 2, 2, 1, 0, 1, 1, 0, 2, 2, 0, 1, 0, 2, 2, 0, 4, 3, 0, 1, 4, 4, 0, 2, 1, 3, 1, 4, 4, 1, 1, 1, 4, 3, 4, 0, 0, 2, 0, 0, 3, 2, 0, 4, 0, 0, 3, 4, 0, 4, 0, 0, 0, 2, 4, 1, 2, 0, 4, 0, 0, 0, 4, 3, 0, 1, 3, 0, 4, 2, 1, 2, 2, 1, 3, 2, 2, 4, 4, 0, 2, 2, 4, 3, 1, 1, 3, 0, 3, 1, 4, 3, 2, 3, 4, 3, 4, 2, 4, 3, 2, 3, 0, 2, 2, 3, 0, 4, 3, 0, 3, 2, 2, 0, 2, 2, 3, 4, 2, 4, 1, 3, 3, 3, 1, 2, 1, 3, 3, 2, 4, 0, 0, 3, 0, 2, 3, 1, 3, 2, 4, 2, 4, 1, 0, 0, 4, 3, 3, 4, 2, 3, 2, 0, 2, 4, 4, 1, 0, 0, 0, 1, 0, 2, 1, 4, 2, 2, 3, 4, 2, 1, 4, 3, 4, 2, 1, 1, 4, 4, 2, 0, 4, 3, 4, 1, 0, 1, 4, 3, 1, 1, 4, 3, 4, 0, 1, 3, 0, 3, 4, 4, 1, 0, 1, 2, 3, 1, 1, 2, 1, 0, 3, 2, 2, 3, 4, 3, 2, 3, 2, 2, 4, 0, 2, 3, 3, 3, 1, 1, 2, 0, 1, 0, 1, 2, 4, 1, 3, 4, 1, 2, 3, 4, 4, 4, 2, 0, 3, 2, 3, 4, 1, 1, 4, 2, 4, 4, 2, 4, 4, 3, 0, 1, 4, 2, 3, 1, 2, 4, 1, 4, 3, 2, 2, 1, 3, 0, 4, 3, 2, 1, 3, 3, 4, 1, 2, 4, 3, 0, 2, 4, 2, 2, 0, 4, 2, 0, 1, 2, 4, 0, 4, 0, 3, 4, 4, 0, 1, 2, 4, 0, 0, 4, 1, 1, 4, 3, 4, 1, 4, 0, 0, 3, 0, 0, 3, 3, 1, 0, 4, 0, 3, 0, 3, 0, 3, 1, 3, 2, 2, 2, 1, 4, 4, 1, 1, 3, 0, 4, 2, 0, 1, 4, 0, 1, 3, 1, 2, 3, 3, 1, 2, 4, 0, 2, 1, 2, 1, 3, 0, 0, 3, 2, 2, 1, 0, 4, 4, 3, 3, 0, 1, 4, 3, 1, 0, 0, 0, 1, 0, 4, 1, 0, 1, 1, 2, 0, 0, 2, 3, 3, 2, 0, 0, 1, 1, 2, 2, 1, 4, 1, 1, 4, 4, 0, 3, 1, 2, 1, 3, 4, 4, 1, 1, 3, 4, 3, 2, 4, 1, 2, 4, 1, 1, 1, 3, 4, 1, 2, 1, 3, 3, 2, 4, 3, 4, 2, 3, 1, 3, 2, 2, 1, 1, 1, 3, 1, 4, 0, 4, 0, 4, 2, 2, 1, 2, 1, 3, 3, 2, 1, 4, 4, 4, 2, 2, 2, 4, 0, 3, 3, 4, 0, 3, 3, 1, 2, 1, 1, 3, 4, 1, 2, 2, 3, 1, 4, 2, 4, 0, 2, 1, 1, 3, 2, 3, 0, 4, 3, 3, 4, 1, 0, 4, 1, 3, 4, 3, 1, 1, 1, 1, 3, 3, 1, 2, 3, 2, 2, 3, 3, 3, 0, 3, 0, 4, 2, 1, 0, 4, 3, 1, 2, 4, 2, 2, 4, 3, 3, 4, 1, 2, 4, 3, 1, 0, 3, 2, 0, 2, 2, 4, 3, 4, 4, 1, 0, 2, 2, 4, 4, 0, 1, 4, 0, 0, 1, 2, 0, 0, 0, 0, 1, 2, 3, 1, 0, 1, 1, 0, 2, 1, 1, 0, 1, 2, 1, 4, 1, 1, 4, 0, 1, 4, 1, 1, 0, 0, 3, 1, 2, 1, 2, 4, 0, 1, 2, 3, 1, 4, 2, 1, 2, 0, 0, 4, 4, 3, 4, 2, 3, 4, 1, 0, 3, 2, 4, 2, 1, 0, 1, 0, 2, 1, 1, 0, 3, 3, 1, 3, 2, 4, 0, 3, 1, 4, 4, 2, 4, 2, 4, 4, 1, 0, 4, 0, 0, 1, 4, 2, 1, 0, 2, 0, 3, 4, 4, 0, 4, 2, 0, 2, 3, 2, 3, 4, 3, 0, 0, 1, 4, 3, 1, 4, 3, 0, 2, 4, 1, 2, 3, 3, 1, 1, 3, 1, 2, 3, 0, 3, 2, 4, 2, 0, 1, 2, 3, 0, 0, 4, 4, 1, 0, 2, 4, 1, 0, 3, 0, 1, 3, 2, 2, 2, 4, 0, 2, 3, 2, 3, 1, 2, 1, 1, 1, 4, 0, 4, 2, 3, 2, 1, 0, 1, 2, 2, 4, 1, 1, 0, 1, 3, 4, 1, 0, 3, 2, 3, 3, 4, 3, 1, 2, 1, 0, 2, 4, 2, 2, 3, 1, 3, 2, 4, 2, 4, 4, 3, 1, 3, 1, 2, 4, 4, 0, 2, 2, 2, 3, 2, 3, 3, 4, 1, 4, 2, 1, 0, 2, 2, 4, 2, 4, 1, 1, 3, 2, 4, 3, 1, 2, 2, 1, 1, 4, 2, 4, 3, 3, 2, 1, 0, 2, 1, 1, 2, 1, 1, 2, 1, 3, 4, 2, 3, 3, 4, 4, 3, 3, 1, 1, 1, 4, 1, 1, 3, 4, 2, 0, 3, 0, 0, 0, 4, 3, 1, 0, 2, 1, 2, 1, 3, 0, 4, 4, 2, 1, 0, 3, 0, 1, 0, 0, 4, 0, 0, 0, 3, 4, 0, 3, 4, 4, 0, 1, 3, 3, 0, 0, 3, 4, 2, 3, 3, 0, 0, 1, 0, 2, 4, 0, 4, 3, 4, 2, 1, 2, 1, 2, 2, 1, 2, 2, 2, 4, 4, 2, 0, 1, 1, 4, 1, 1, 4, 1, 1, 3, 0, 0, 0, 4, 3, 4, 3, 4, 0, 1, 3, 4, 2, 4, 3, 4, 4, 4, 2, 2, 0, 2, 2, 0, 0, 3, 3, 0, 1, 2, 3, 1, 2, 2, 0, 4, 2, 2, 3, 3, 2, 2, 1, 4, 3, 1, 0, 3, 3, 0, 2, 4, 1, 3, 0, 3, 4, 2, 2, 4, 2, 1, 1, 4, 4, 3, 4, 1, 4, 2, 3, 3, 0, 1, 2, 2, 4, 3, 1, 1, 2, 0, 4, 0, 4, 3, 0, 2, 1, 4, 1, 3, 1, 1, 1, 0, 0, 3, 0, 2, 1, 4, 2, 2, 0, 1, 2, 3, 2, 0, 3, 3, 2, 0, 1, 0, 0, 4, 0, 1, 1, 0, 0, 2, 0, 2, 3, 3, 2, 1, 3, 0, 2, 2, 3, 3, 4, 1, 3, 2, 3, 1, 0, 2, 4, 3, 2, 2, 0, 2, 3, 0, 3, 3, 2, 4, 3, 3, 4, 1, 3, 2, 2, 4, 3, 3, 0, 4, 2, 1, 0, 3, 0, 2, 4, 1, 1, 1, 0, 4, 3, 1, 2, 0, 3, 1, 0, 2, 1, 2, 1, 0, 3, 3, 3, 1, 4, 0, 4, 3, 1, 2, 3, 0, 0, 1, 4, 2, 3, 0, 3, 1, 4, 3, 4, 3, 1, 0, 3, 1, 3, 2, 2, 3, 4, 1, 4, 3, 2, 2, 3, 1, 1, 1, 0, 2, 4, 1, 3, 1, 2, 1, 2, 0, 2, 3, 3, 2, 2, 3, 3, 1, 3, 4, 4, 4, 4, 2, 2, 0, 2, 2, 4, 4, 3, 0, 3, 2, 2, 2, 3, 0, 3, 0, 1, 2, 0, 0, 0, 0, 0, 3, 4, 2, 1, 4, 4, 4, 2, 2, 2, 0, 4, 2, 3, 4, 2, 0, 2, 4, 0, 3, 4, 4, 1, 2, 0, 1, 0, 1, 2, 1, 4, 2, 2, 1, 2, 1, 4, 0, 3, 0, 4, 4, 3, 0, 2, 4, 4, 4, 1, 2, 4, 1, 1, 2, 0, 1, 1, 1, 0, 3, 0, 1, 0, 1, 4, 2, 0, 0, 0, 0, 0, 1, 0, 4, 2, 4, 0, 4, 3, 3, 3, 1, 0, 4, 3, 2, 2, 2, 4, 4, 1, 1, 3, 3, 1, 0, 0, 3, 2, 3, 2, 1, 4, 2, 4, 3, 3, 1, 3, 0, 0, 0, 2, 3, 0, 4, 3, 1, 1, 0, 3, 0, 0, 4, 3, 1, 3, 3, 3, 4, 0, 3, 3, 3, 1, 4, 2, 0, 3, 4, 4, 1, 1, 1, 1, 3, 2, 1, 0, 1, 2, 2, 2, 0, 3, 4, 4, 0, 4, 2, 1, 2, 1, 0, 2, 3, 2, 0, 0, 2, 1, 2, 4, 4, 0, 2, 2, 3, 1, 0, 0, 2, 2, 0, 3, 0, 4, 1, 1, 2, 4, 2, 2, 3, 1, 1, 1, 1, 1, 2, 1, 4, 1, 4, 3, 3, 1, 4, 0, 1, 3, 3, 2, 1, 1, 1, 3, 3, 4, 2, 0, 3, 0, 4, 2, 2, 1, 3, 4, 0, 4, 3, 2, 3, 3, 3, 1, 0, 0, 4, 4, 3, 0, 1, 2, 1, 2, 3, 0, 2, 3, 2, 4, 2, 2, 3, 4, 2, 2, 0, 4, 4, 2, 1, 1, 3, 1, 1, 0, 2, 0, 2, 2, 4, 2, 4, 0, 3, 0, 3, 2, 4, 1, 0, 4, 2, 4, 3, 0, 4, 2, 3, 1, 3, 0, 3, 1, 1, 0, 0]

----------------------------TRAIN----------------------------


----------------------------TEST----------------------------

[[111   1   0   1   0]
 [  0  86   0   0   0]
 [  3   2  92   1   0]
 [  0   0   0 106   0]
 [  0   0   0   0 108]]
              precision    recall  f1-score   support

           0       0.97      0.98      0.98       113
           1       0.97      1.00      0.98        86
           2       1.00      0.94      0.97        98
           3       0.98      1.00      0.99       106
           4       1.00      1.00      1.00       108

    accuracy                           0.98       511
   macro avg       0.98      0.98      0.98       511
weighted avg       0.98      0.98      0.98       511


ground truth: [2, 1, 3, 2, 3, 4, 4, 0, 2, 0, 0, 0, 4, 1, 1, 0, 4, 1, 3, 0, 2, 3, 3, 1, 1, 2, 1, 0, 2, 3, 3, 0, 0, 2, 3, 3, 0, 2, 3, 2, 4, 4, 1, 4, 0, 3, 0, 3, 3, 3, 3, 3, 0, 4, 1, 0, 4, 4, 0, 1, 1, 1, 0, 0, 1, 3, 0, 2, 4, 0, 3, 2, 4, 2, 1, 0, 0, 4, 2, 3, 2, 4, 4, 1, 3, 2, 4, 4, 1, 1, 2, 0, 1, 0, 4, 2, 1, 1, 3, 3, 3, 0, 0, 0, 2, 0, 2, 4, 4, 1, 2, 1, 4, 3, 4, 0, 2, 2, 0, 1, 0, 3, 2, 4, 3, 0, 4, 2, 0, 4, 3, 0, 4, 2, 1, 4, 3, 4, 3, 4, 1, 4, 3, 3, 4, 4, 0, 2, 4, 2, 3, 0, 1, 4, 0, 2, 3, 2, 4, 1, 4, 0, 0, 0, 4, 1, 1, 1, 4, 4, 4, 3, 3, 1, 2, 3, 4, 4, 2, 0, 3, 4, 1, 4, 2, 2, 4, 3, 3, 2, 4, 1, 1, 4, 1, 0, 4, 4, 2, 2, 4, 2, 0, 1, 4, 3, 1, 2, 4, 0, 3, 4, 2, 2, 0, 1, 0, 2, 4, 1, 3, 4, 4, 4, 1, 1, 3, 0, 0, 3, 0, 3, 1, 0, 4, 4, 0, 0, 3, 4, 4, 1, 0, 2, 0, 0, 0, 2, 3, 1, 4, 0, 4, 0, 3, 3, 3, 0, 3, 0, 3, 0, 2, 1, 2, 4, 0, 4, 2, 2, 0, 1, 0, 1, 1, 3, 3, 2, 4, 4, 2, 0, 0, 1, 3, 0, 2, 0, 0, 1, 0, 3, 0, 4, 0, 4, 0, 2, 1, 2, 3, 0, 2, 2, 4, 0, 2, 1, 2, 2, 1, 2, 2, 3, 0, 4, 2, 1, 3, 4, 0, 2, 1, 0, 1, 4, 1, 1, 1, 4, 0, 3, 2, 2, 2, 0, 3, 2, 2, 4, 2, 0, 4, 1, 0, 4, 2, 3, 0, 3, 2, 3, 0, 2, 2, 4, 4, 3, 1, 4, 3, 3, 4, 3, 2, 4, 3, 3, 3, 0, 3, 2, 3, 2, 3, 0, 0, 2, 3, 4, 2, 2, 2, 3, 3, 4, 2, 0, 2, 2, 1, 4, 4, 4, 3, 2, 3, 1, 1, 4, 1, 0, 3, 3, 4, 2, 2, 0, 4, 2, 1, 4, 2, 1, 0, 0, 0, 2, 1, 0, 1, 2, 1, 3, 3, 3, 2, 3, 3, 1, 0, 3, 1, 1, 0, 4, 0, 4, 3, 4, 1, 0, 4, 3, 1, 4, 0, 4, 2, 1, 1, 2, 0, 4, 3, 3, 4, 2, 2, 0, 1, 4, 3, 3, 0, 3, 2, 1, 0, 0, 4, 0, 3, 0, 0, 4, 3, 3, 2, 4, 1, 2, 4, 0, 3, 1, 4, 0, 1, 1, 3, 0, 4, 3, 0, 3, 0, 4, 2, 1, 0, 3, 1, 3, 1, 0, 2, 3, 3, 3, 4]
prediction:   [2, 1, 3, 1, 3, 4, 4, 0, 2, 0, 0, 0, 4, 1, 1, 0, 4, 1, 3, 0, 2, 3, 3, 1, 1, 2, 1, 0, 2, 3, 3, 0, 0, 2, 3, 3, 0, 2, 3, 2, 4, 4, 1, 4, 0, 3, 0, 3, 3, 3, 3, 3, 0, 4, 1, 0, 4, 4, 0, 1, 1, 1, 0, 0, 1, 3, 0, 2, 4, 0, 3, 2, 4, 2, 1, 0, 0, 4, 2, 3, 0, 4, 4, 1, 3, 2, 4, 4, 1, 1, 2, 0, 1, 0, 4, 2, 1, 1, 3, 3, 3, 0, 0, 0, 2, 0, 2, 4, 4, 1, 2, 1, 4, 3, 4, 0, 2, 2, 0, 1, 0, 3, 2, 4, 3, 0, 4, 2, 0, 4, 3, 0, 4, 2, 1, 4, 3, 4, 3, 4, 1, 4, 3, 3, 4, 4, 0, 2, 4, 2, 3, 0, 1, 4, 0, 2, 3, 2, 4, 1, 4, 0, 0, 0, 4, 1, 1, 1, 4, 4, 4, 3, 3, 1, 2, 3, 4, 4, 2, 0, 3, 4, 1, 4, 2, 2, 4, 3, 3, 2, 4, 1, 1, 4, 1, 0, 4, 4, 2, 2, 4, 2, 0, 1, 4, 3, 1, 2, 4, 0, 3, 4, 2, 2, 0, 1, 0, 2, 4, 1, 3, 4, 4, 4, 1, 1, 3, 0, 0, 3, 0, 3, 1, 0, 4, 4, 0, 0, 3, 4, 4, 1, 0, 2, 0, 0, 0, 2, 3, 1, 4, 0, 4, 1, 3, 3, 3, 0, 3, 0, 3, 0, 2, 1, 2, 4, 0, 4, 2, 2, 0, 1, 0, 1, 1, 3, 3, 2, 4, 4, 3, 0, 0, 1, 3, 0, 2, 0, 0, 1, 0, 3, 0, 4, 0, 4, 0, 2, 1, 2, 3, 0, 2, 2, 4, 0, 2, 1, 2, 2, 1, 2, 2, 3, 0, 4, 2, 1, 3, 4, 0, 2, 1, 0, 1, 4, 1, 1, 1, 4, 0, 3, 2, 2, 2, 0, 3, 2, 2, 4, 2, 0, 4, 1, 0, 4, 2, 3, 0, 3, 1, 3, 0, 2, 2, 4, 4, 3, 1, 4, 3, 3, 4, 3, 2, 4, 3, 3, 3, 0, 3, 2, 3, 2, 3, 0, 0, 2, 3, 4, 2, 2, 2, 3, 3, 4, 2, 0, 2, 2, 1, 4, 4, 4, 3, 2, 3, 1, 1, 4, 1, 0, 3, 3, 4, 2, 2, 0, 4, 2, 1, 4, 0, 1, 0, 0, 0, 2, 1, 0, 1, 2, 1, 3, 3, 3, 2, 3, 3, 1, 0, 3, 1, 1, 0, 4, 0, 4, 3, 4, 1, 0, 4, 3, 1, 4, 0, 4, 2, 1, 1, 2, 0, 4, 3, 3, 4, 2, 2, 0, 1, 4, 3, 3, 0, 3, 2, 1, 0, 0, 4, 0, 3, 0, 0, 4, 3, 3, 2, 4, 1, 2, 4, 0, 3, 1, 4, 0, 1, 1, 3, 0, 4, 3, 3, 3, 0, 4, 2, 1, 0, 3, 1, 3, 1, 0, 0, 3, 3, 3, 4]

----------------------------TEST----------------------------


Epochs: 3                 | Train Loss:  0.002                 | Train Accuracy:  0.994                 | Val Loss:  0.003                 | Val Accuracy:  0.984

100%|██████████████████████████████████████████████████████████████████████████████████████████████████████████████████████████████████████████████████████████████████████████████████████████████████████████████████████████████████████████████████| 64/64 [51:19<00:00, 48.12s/it]


----------------------------TRAIN----------------------------

[[395   0   1   0   2]
 [  0 424   0   0   1]
 [  1   0 411   0   1]
 [  0   0   0 405   0]
 [  0   1   0   0 402]]
              precision    recall  f1-score   support

           0       1.00      0.99      0.99       398
           1       1.00      1.00      1.00       425
           2       1.00      1.00      1.00       413
           3       1.00      1.00      1.00       405
           4       0.99      1.00      0.99       403

    accuracy                           1.00      2044
   macro avg       1.00      1.00      1.00      2044
weighted avg       1.00      1.00      1.00      2044


ground truth: [2, 4, 3, 0, 3, 3, 0, 4, 4, 2, 4, 3, 1, 1, 2, 2, 0, 0, 1, 1, 3, 1, 0, 1, 1, 0, 2, 3, 2, 2, 0, 0, 0, 1, 2, 3, 1, 2, 1, 4, 3, 0, 1, 2, 1, 1, 0, 1, 4, 2, 3, 1, 0, 0, 0, 1, 4, 3, 1, 0, 3, 0, 4, 2, 4, 3, 1, 4, 1, 2, 1, 4, 1, 0, 2, 2, 0, 3, 4, 2, 1, 2, 2, 0, 0, 4, 3, 1, 4, 4, 0, 2, 0, 3, 4, 1, 1, 0, 4, 1, 4, 3, 3, 2, 2, 3, 0, 3, 2, 1, 0, 1, 3, 0, 4, 1, 4, 3, 4, 2, 4, 0, 4, 4, 2, 4, 1, 3, 3, 2, 0, 3, 3, 2, 4, 2, 2, 1, 0, 2, 4, 1, 3, 4, 1, 2, 0, 1, 0, 3, 1, 0, 4, 4, 3, 1, 4, 4, 4, 4, 2, 4, 1, 2, 2, 4, 4, 1, 1, 2, 3, 0, 2, 4, 1, 3, 4, 2, 4, 0, 1, 3, 3, 1, 0, 0, 2, 3, 4, 0, 3, 2, 1, 1, 1, 3, 4, 3, 2, 2, 4, 1, 2, 1, 2, 4, 1, 0, 2, 4, 2, 2, 3, 0, 2, 4, 1, 1, 4, 3, 1, 1, 1, 0, 4, 3, 1, 0, 0, 0, 2, 1, 0, 2, 3, 4, 0, 0, 1, 2, 1, 4, 3, 4, 3, 2, 4, 2, 1, 3, 2, 1, 0, 1, 4, 1, 4, 3, 4, 4, 1, 0, 0, 2, 1, 3, 1, 0, 2, 4, 0, 3, 3, 0, 3, 1, 1, 3, 3, 0, 1, 0, 1, 0, 1, 2, 2, 0, 1, 2, 4, 1, 0, 1, 1, 2, 4, 4, 0, 4, 2, 3, 4, 1, 3, 0, 3, 4, 0, 2, 4, 2, 2, 3, 3, 2, 0, 3, 1, 3, 1, 2, 0, 0, 3, 3, 0, 4, 2, 1, 0, 2, 1, 0, 4, 1, 2, 3, 0, 3, 0, 4, 3, 2, 0, 2, 1, 3, 1, 4, 0, 4, 0, 0, 4, 3, 2, 3, 2, 2, 2, 0, 2, 3, 3, 1, 1, 2, 4, 3, 0, 1, 4, 0, 3, 3, 2, 3, 4, 4, 0, 0, 2, 1, 3, 3, 4, 0, 0, 1, 0, 4, 4, 3, 3, 1, 2, 3, 1, 4, 2, 1, 2, 1, 2, 1, 0, 0, 4, 0, 2, 0, 0, 3, 1, 1, 2, 3, 3, 3, 2, 0, 1, 3, 4, 2, 3, 2, 3, 1, 4, 1, 1, 1, 0, 4, 2, 3, 2, 3, 2, 3, 1, 2, 4, 1, 3, 1, 4, 2, 2, 4, 1, 4, 4, 0, 2, 0, 0, 3, 1, 4, 3, 4, 1, 4, 3, 1, 3, 1, 2, 2, 2, 0, 3, 1, 3, 1, 3, 2, 4, 2, 4, 2, 1, 1, 2, 0, 1, 4, 3, 0, 2, 4, 1, 1, 3, 0, 1, 3, 4, 0, 3, 0, 0, 1, 4, 4, 0, 0, 0, 0, 4, 1, 2, 0, 1, 4, 3, 0, 4, 4, 0, 2, 3, 0, 3, 4, 1, 0, 3, 1, 4, 1, 3, 4, 2, 4, 4, 4, 4, 0, 3, 0, 4, 1, 1, 0, 2, 2, 4, 1, 2, 0, 2, 4, 4, 1, 2, 4, 3, 3, 3, 1, 4, 3, 4, 0, 4, 0, 3, 0, 3, 1, 4, 3, 2, 2, 0, 1, 2, 4, 0, 1, 0, 3, 2, 3, 1, 1, 0, 3, 4, 4, 4, 4, 0, 2, 2, 2, 2, 3, 3, 3, 3, 3, 2, 3, 4, 3, 0, 2, 4, 2, 4, 2, 4, 2, 1, 2, 1, 2, 2, 0, 1, 3, 0, 2, 0, 2, 2, 0, 3, 3, 3, 1, 0, 1, 3, 3, 1, 4, 1, 3, 1, 0, 4, 1, 0, 0, 4, 2, 2, 2, 1, 1, 2, 0, 1, 4, 2, 3, 0, 0, 1, 2, 1, 0, 1, 0, 4, 1, 3, 4, 4, 2, 1, 3, 3, 1, 2, 4, 4, 1, 1, 0, 4, 2, 0, 1, 0, 2, 2, 2, 0, 3, 4, 2, 2, 4, 4, 0, 0, 0, 2, 2, 4, 2, 1, 1, 0, 1, 4, 2, 1, 3, 0, 4, 4, 1, 2, 1, 4, 4, 3, 4, 4, 1, 2, 0, 2, 3, 2, 2, 4, 1, 2, 3, 2, 2, 2, 3, 2, 4, 2, 3, 2, 3, 3, 3, 4, 4, 3, 3, 1, 2, 0, 1, 1, 4, 1, 1, 1, 0, 2, 1, 2, 3, 2, 2, 0, 2, 3, 3, 2, 3, 3, 3, 1, 0, 2, 1, 3, 2, 2, 0, 3, 4, 1, 4, 0, 2, 3, 4, 1, 1, 4, 2, 2, 2, 3, 4, 3, 4, 0, 4, 3, 2, 2, 0, 3, 0, 4, 2, 0, 1, 1, 0, 3, 2, 4, 4, 1, 1, 4, 4, 0, 4, 4, 3, 4, 3, 1, 0, 1, 2, 1, 3, 1, 3, 2, 2, 3, 2, 4, 0, 1, 3, 4, 0, 0, 3, 3, 4, 4, 4, 4, 1, 0, 0, 2, 0, 3, 4, 3, 3, 2, 2, 3, 3, 3, 0, 0, 2, 2, 2, 1, 1, 1, 4, 3, 1, 4, 3, 3, 3, 1, 4, 4, 2, 3, 3, 4, 3, 0, 1, 3, 3, 1, 1, 4, 2, 3, 0, 0, 3, 0, 1, 4, 4, 3, 2, 0, 2, 1, 3, 3, 0, 4, 2, 4, 2, 3, 2, 4, 1, 2, 0, 1, 2, 3, 4, 1, 3, 1, 3, 1, 3, 3, 1, 2, 4, 1, 0, 3, 4, 2, 1, 3, 3, 2, 3, 3, 3, 2, 2, 4, 2, 3, 3, 0, 1, 2, 2, 3, 2, 0, 0, 3, 0, 3, 2, 0, 0, 3, 0, 3, 1, 1, 4, 2, 4, 3, 1, 1, 4, 2, 2, 1, 4, 4, 3, 1, 0, 0, 0, 0, 3, 2, 0, 1, 3, 3, 2, 2, 1, 1, 4, 4, 0, 2, 1, 2, 1, 1, 2, 1, 1, 1, 2, 0, 4, 0, 3, 0, 0, 4, 0, 0, 1, 1, 4, 0, 0, 4, 4, 2, 3, 4, 0, 2, 3, 2, 3, 4, 0, 1, 3, 1, 2, 2, 1, 4, 0, 0, 2, 4, 4, 0, 0, 3, 1, 4, 1, 3, 0, 2, 4, 3, 0, 0, 3, 4, 4, 4, 0, 3, 2, 3, 2, 2, 4, 1, 3, 3, 4, 0, 0, 3, 1, 1, 2, 4, 0, 4, 1, 0, 0, 0, 1, 4, 2, 2, 0, 0, 3, 2, 4, 2, 0, 1, 4, 1, 2, 1, 3, 0, 4, 3, 2, 0, 0, 0, 4, 0, 2, 4, 3, 1, 4, 1, 2, 1, 2, 1, 3, 0, 2, 3, 2, 2, 3, 0, 2, 1, 3, 4, 2, 3, 4, 0, 3, 1, 1, 1, 2, 1, 3, 0, 2, 4, 2, 4, 0, 4, 1, 2, 3, 1, 4, 0, 4, 1, 0, 1, 3, 0, 2, 4, 4, 1, 1, 2, 1, 3, 4, 3, 4, 3, 1, 4, 1, 4, 2, 3, 0, 1, 4, 1, 3, 0, 4, 0, 2, 2, 3, 3, 0, 0, 0, 0, 1, 3, 4, 2, 0, 3, 0, 4, 1, 2, 1, 0, 2, 2, 0, 3, 0, 1, 4, 0, 4, 2, 4, 0, 2, 3, 3, 3, 3, 0, 2, 4, 4, 0, 3, 2, 3, 0, 3, 1, 0, 0, 3, 2, 1, 2, 0, 4, 2, 3, 0, 0, 4, 4, 2, 2, 2, 1, 1, 1, 1, 3, 0, 1, 3, 4, 2, 0, 3, 1, 4, 1, 0, 3, 4, 4, 2, 1, 3, 3, 4, 0, 2, 4, 3, 0, 4, 3, 1, 0, 0, 2, 0, 4, 2, 0, 1, 4, 2, 3, 2, 4, 1, 0, 3, 1, 4, 0, 1, 4, 4, 1, 1, 1, 1, 4, 3, 0, 3, 0, 4, 2, 4, 3, 0, 1, 3, 0, 0, 3, 2, 4, 2, 3, 3, 0, 0, 2, 4, 1, 1, 4, 3, 2, 4, 1, 0, 4, 1, 4, 0, 4, 3, 4, 1, 1, 2, 3, 4, 0, 2, 3, 1, 4, 4, 1, 4, 2, 0, 1, 2, 3, 3, 2, 1, 1, 2, 0, 4, 2, 0, 1, 2, 4, 0, 1, 1, 2, 3, 0, 2, 2, 4, 4, 3, 3, 0, 0, 0, 4, 4, 1, 4, 3, 1, 2, 3, 3, 4, 1, 2, 3, 0, 3, 4, 3, 2, 0, 1, 4, 2, 1, 3, 3, 0, 1, 2, 2, 3, 0, 3, 3, 0, 2, 3, 3, 1, 2, 2, 3, 3, 1, 2, 4, 0, 3, 2, 3, 2, 2, 3, 1, 1, 0, 3, 0, 1, 1, 2, 3, 2, 0, 1, 2, 4, 3, 2, 1, 2, 4, 4, 0, 1, 4, 0, 3, 4, 4, 1, 2, 2, 4, 2, 3, 4, 1, 4, 4, 2, 2, 2, 2, 2, 0, 4, 1, 1, 0, 0, 1, 0, 4, 2, 3, 0, 3, 3, 4, 4, 1, 0, 0, 4, 2, 2, 0, 1, 1, 0, 2, 3, 2, 0, 4, 1, 4, 1, 1, 0, 0, 0, 3, 4, 2, 0, 1, 3, 1, 1, 1, 1, 4, 2, 2, 0, 2, 0, 0, 0, 1, 1, 1, 4, 4, 4, 0, 2, 0, 1, 4, 3, 4, 0, 4, 1, 1, 3, 3, 0, 4, 1, 4, 4, 2, 1, 2, 2, 3, 0, 1, 3, 0, 3, 3, 0, 2, 3, 4, 1, 2, 1, 2, 4, 0, 1, 4, 1, 0, 1, 4, 0, 3, 1, 0, 0, 4, 4, 0, 1, 3, 4, 1, 0, 0, 4, 2, 3, 3, 0, 1, 1, 4, 4, 2, 2, 1, 1, 3, 0, 3, 4, 4, 0, 3, 1, 3, 3, 0, 0, 4, 4, 4, 0, 0, 0, 4, 4, 2, 4, 2, 2, 4, 0, 0, 3, 2, 3, 0, 1, 4, 1, 3, 3, 2, 3, 3, 2, 0, 4, 1, 1, 0, 0, 3, 4, 2, 2, 2, 2, 4, 1, 2, 2, 3, 2, 3, 4, 1, 3, 0, 3, 3, 1, 4, 2, 0, 3, 1, 0, 0, 1, 2, 3, 3, 3, 1, 4, 1, 1, 0, 0, 1, 0, 4, 2, 1, 3, 0, 3, 3, 3, 3, 2, 4, 1, 1, 4, 1, 2, 2, 3, 1, 0, 3, 0, 3, 1, 3, 2, 1, 2, 4, 0, 2, 4, 1, 0, 3, 3, 3, 3, 2, 3, 4, 0, 2, 2, 2, 4, 0, 2, 4, 0, 4, 4, 3, 1, 0, 1, 4, 0, 2, 0, 4, 1, 1, 3, 0, 4, 4, 4, 4, 0, 2, 4, 4, 1, 2, 3, 3, 2, 4, 3, 3, 2, 4, 1, 2, 2, 1, 3, 2, 3, 3, 3, 0, 1, 2, 4, 1, 0, 3, 1, 3, 0, 4, 2, 0, 4, 0, 0, 2, 1, 3, 2, 1, 4, 3, 3, 4, 0, 0, 2, 0, 1, 4, 3, 1, 2, 4, 0, 0, 0, 1, 4, 2, 4, 3, 0, 1, 3, 1, 3, 4, 1, 4, 2, 0, 2, 2, 1, 4, 1, 3, 2, 3, 1, 2, 3, 1, 4, 1, 4, 1, 0, 0, 1, 1, 4, 4, 4, 1, 0, 1, 2, 2, 2, 3, 2, 2, 4, 1, 4, 1, 1, 1, 3, 0, 0, 4, 3, 3, 0, 0, 3, 3, 2, 4, 2, 3, 2, 0, 1, 3, 3, 3, 2, 2, 1, 2, 2, 2, 2, 1, 0, 2, 3, 1, 1, 3, 1, 1, 1, 4, 0, 4, 4, 0, 1, 1, 0, 1, 4, 2, 2, 0, 2, 4, 0, 1, 4, 2, 0, 3, 2, 2, 0, 2, 3, 1, 1, 2, 4, 4, 0, 0, 1, 3, 2, 3, 1, 4, 1, 1, 2, 3, 1, 1, 2, 4, 1, 1, 3, 1, 0, 3, 0, 4, 4, 4, 4, 2, 3, 4, 1, 4, 2, 0, 0, 2, 1, 0, 0, 3, 1, 2, 4, 1, 4, 0, 0, 2, 4, 1, 3, 4, 0, 1, 1, 1, 4, 3, 4, 3, 2, 2, 2, 0, 0, 3, 2, 0, 0]
prediction:   [2, 4, 3, 0, 3, 3, 0, 4, 4, 2, 4, 3, 1, 1, 2, 2, 0, 0, 1, 1, 3, 1, 0, 1, 1, 0, 2, 3, 2, 2, 0, 0, 0, 1, 2, 3, 1, 2, 1, 4, 3, 0, 1, 2, 1, 1, 0, 1, 4, 2, 3, 1, 0, 0, 0, 1, 4, 3, 1, 0, 3, 0, 4, 2, 4, 3, 1, 4, 1, 2, 1, 4, 1, 0, 2, 2, 0, 3, 4, 2, 1, 2, 2, 0, 0, 4, 3, 1, 4, 4, 0, 2, 0, 3, 4, 1, 1, 0, 4, 1, 4, 3, 3, 2, 2, 3, 0, 3, 2, 1, 0, 1, 3, 0, 4, 1, 4, 3, 4, 2, 4, 0, 4, 4, 2, 4, 1, 3, 3, 2, 0, 3, 3, 2, 4, 2, 2, 1, 0, 2, 4, 1, 3, 4, 1, 2, 0, 1, 0, 3, 1, 0, 4, 4, 3, 1, 4, 4, 4, 4, 2, 4, 1, 2, 2, 4, 4, 1, 1, 2, 3, 0, 2, 4, 1, 3, 4, 2, 4, 0, 1, 3, 3, 1, 0, 0, 2, 3, 4, 0, 3, 2, 1, 1, 1, 3, 4, 3, 2, 2, 4, 1, 2, 1, 2, 4, 1, 0, 2, 4, 2, 2, 3, 0, 2, 4, 1, 1, 4, 3, 1, 1, 1, 0, 4, 3, 1, 0, 0, 0, 2, 1, 0, 2, 3, 4, 0, 0, 1, 2, 1, 4, 3, 4, 3, 2, 4, 2, 1, 3, 2, 1, 0, 1, 4, 1, 4, 3, 4, 4, 1, 0, 0, 2, 1, 3, 1, 0, 2, 4, 0, 3, 3, 0, 3, 1, 1, 3, 3, 0, 1, 0, 1, 0, 1, 2, 2, 0, 1, 2, 4, 1, 0, 1, 1, 2, 4, 4, 0, 4, 2, 3, 4, 1, 3, 0, 3, 4, 0, 2, 4, 2, 2, 3, 3, 2, 0, 3, 1, 3, 1, 2, 0, 0, 3, 3, 0, 4, 2, 1, 0, 2, 1, 0, 4, 1, 2, 3, 0, 3, 0, 4, 3, 2, 0, 2, 1, 3, 1, 4, 0, 4, 0, 0, 4, 3, 2, 3, 2, 2, 2, 0, 2, 3, 3, 1, 1, 2, 4, 3, 0, 1, 4, 0, 3, 3, 2, 3, 4, 4, 0, 0, 2, 1, 3, 3, 4, 0, 0, 1, 0, 4, 4, 3, 3, 1, 2, 3, 1, 4, 2, 1, 2, 1, 2, 1, 0, 0, 4, 0, 2, 0, 0, 3, 1, 1, 2, 3, 3, 3, 2, 0, 1, 3, 4, 2, 3, 2, 3, 1, 4, 1, 1, 1, 0, 4, 2, 3, 2, 3, 2, 3, 1, 2, 4, 1, 3, 1, 4, 2, 2, 4, 1, 4, 4, 0, 2, 0, 0, 3, 1, 4, 3, 4, 1, 4, 3, 1, 3, 1, 2, 2, 2, 0, 3, 1, 3, 1, 3, 2, 4, 2, 4, 2, 1, 1, 2, 4, 1, 4, 3, 0, 2, 4, 1, 1, 3, 0, 1, 3, 4, 0, 3, 0, 0, 1, 4, 4, 0, 0, 0, 0, 4, 1, 2, 0, 1, 4, 3, 0, 4, 4, 0, 2, 3, 0, 3, 4, 1, 0, 3, 1, 4, 1, 3, 4, 2, 4, 4, 4, 4, 0, 3, 0, 4, 1, 1, 0, 2, 2, 4, 1, 2, 0, 2, 4, 4, 1, 2, 4, 3, 3, 3, 1, 4, 3, 4, 0, 4, 0, 3, 0, 3, 1, 4, 3, 2, 2, 0, 1, 2, 4, 0, 1, 0, 3, 2, 3, 1, 1, 0, 3, 4, 4, 4, 4, 0, 2, 2, 2, 2, 3, 3, 3, 3, 3, 2, 3, 4, 3, 0, 2, 4, 2, 4, 2, 4, 2, 1, 2, 1, 2, 2, 0, 1, 3, 0, 2, 0, 2, 2, 0, 3, 3, 3, 1, 0, 1, 3, 3, 1, 4, 1, 3, 1, 0, 4, 1, 0, 0, 4, 2, 2, 2, 1, 1, 2, 0, 1, 4, 2, 3, 0, 0, 1, 2, 1, 0, 1, 0, 4, 1, 3, 4, 4, 2, 1, 3, 3, 1, 2, 4, 4, 1, 1, 0, 4, 2, 0, 1, 0, 2, 2, 2, 0, 3, 4, 2, 2, 4, 4, 0, 0, 0, 2, 2, 4, 2, 1, 1, 0, 1, 4, 2, 1, 3, 0, 4, 4, 1, 2, 1, 4, 4, 3, 4, 4, 1, 2, 0, 2, 3, 2, 2, 4, 1, 2, 3, 2, 2, 2, 3, 2, 4, 2, 3, 2, 3, 3, 3, 4, 4, 3, 3, 1, 2, 0, 1, 1, 4, 1, 1, 1, 0, 2, 1, 2, 3, 2, 2, 0, 2, 3, 3, 2, 3, 3, 3, 1, 0, 2, 1, 3, 2, 2, 0, 3, 4, 1, 4, 0, 2, 3, 4, 1, 1, 4, 2, 2, 2, 3, 4, 3, 4, 0, 4, 3, 2, 2, 0, 3, 0, 4, 2, 0, 1, 1, 0, 3, 2, 4, 4, 1, 1, 4, 4, 0, 4, 4, 3, 4, 3, 1, 0, 1, 2, 1, 3, 1, 3, 2, 2, 3, 2, 4, 0, 1, 3, 4, 0, 0, 3, 3, 4, 4, 4, 4, 1, 0, 0, 2, 0, 3, 4, 3, 3, 2, 2, 3, 3, 3, 0, 0, 2, 2, 2, 1, 1, 1, 4, 3, 1, 4, 3, 3, 3, 1, 4, 4, 2, 3, 3, 4, 3, 0, 1, 3, 3, 1, 1, 4, 2, 3, 0, 0, 3, 0, 1, 4, 4, 3, 2, 0, 2, 1, 3, 3, 0, 4, 2, 4, 2, 3, 2, 4, 1, 2, 0, 1, 2, 3, 4, 1, 3, 1, 3, 1, 3, 3, 1, 2, 4, 1, 0, 3, 4, 2, 1, 3, 3, 2, 3, 3, 3, 2, 2, 4, 2, 3, 3, 0, 1, 2, 2, 3, 2, 0, 0, 3, 0, 3, 2, 0, 0, 3, 0, 3, 1, 1, 4, 2, 4, 3, 1, 1, 4, 2, 2, 1, 4, 4, 3, 1, 0, 0, 0, 0, 3, 2, 0, 1, 3, 3, 2, 2, 1, 1, 4, 4, 0, 2, 1, 2, 1, 1, 2, 1, 1, 1, 2, 0, 4, 0, 3, 0, 0, 4, 0, 0, 1, 1, 4, 0, 0, 4, 4, 2, 3, 4, 0, 2, 3, 2, 3, 4, 0, 1, 3, 1, 2, 2, 1, 4, 0, 0, 2, 4, 4, 0, 0, 3, 1, 4, 1, 3, 0, 2, 4, 3, 0, 0, 3, 4, 4, 4, 0, 3, 2, 3, 2, 2, 4, 1, 3, 3, 4, 0, 0, 3, 1, 1, 2, 4, 0, 4, 1, 4, 0, 0, 1, 4, 2, 2, 0, 0, 3, 2, 4, 2, 0, 1, 4, 1, 2, 1, 3, 0, 4, 3, 2, 0, 0, 0, 4, 0, 2, 4, 3, 1, 4, 1, 2, 1, 2, 1, 3, 0, 2, 3, 2, 2, 3, 0, 2, 1, 3, 4, 2, 3, 4, 0, 3, 1, 1, 1, 2, 1, 3, 0, 2, 4, 2, 4, 0, 4, 1, 2, 3, 1, 4, 0, 4, 1, 0, 1, 3, 0, 2, 4, 4, 1, 1, 2, 1, 3, 4, 3, 4, 3, 1, 4, 1, 4, 2, 3, 0, 1, 4, 1, 3, 0, 4, 0, 2, 2, 3, 3, 0, 0, 0, 0, 1, 3, 4, 2, 0, 3, 0, 4, 1, 2, 1, 0, 2, 2, 0, 3, 0, 1, 4, 0, 4, 2, 4, 0, 2, 3, 3, 3, 3, 0, 2, 4, 4, 0, 3, 2, 3, 0, 3, 1, 0, 0, 3, 2, 1, 2, 0, 4, 2, 3, 0, 0, 4, 4, 2, 2, 2, 1, 1, 1, 1, 3, 0, 1, 3, 4, 2, 0, 3, 1, 4, 1, 0, 3, 4, 4, 2, 1, 3, 3, 4, 0, 2, 4, 3, 0, 4, 3, 1, 0, 0, 2, 0, 4, 2, 0, 1, 4, 2, 3, 2, 4, 1, 0, 3, 1, 4, 0, 1, 4, 4, 1, 1, 1, 1, 4, 3, 0, 3, 0, 4, 2, 4, 3, 0, 1, 3, 0, 0, 3, 2, 4, 2, 3, 3, 0, 0, 2, 4, 1, 1, 4, 3, 2, 4, 1, 0, 4, 1, 4, 0, 4, 3, 4, 1, 1, 2, 3, 4, 0, 2, 3, 1, 4, 4, 1, 4, 2, 0, 1, 2, 3, 3, 2, 1, 1, 2, 0, 4, 2, 0, 1, 2, 4, 0, 1, 1, 2, 3, 0, 2, 2, 4, 4, 3, 3, 0, 0, 0, 4, 4, 1, 4, 3, 1, 2, 3, 3, 4, 1, 2, 3, 0, 3, 4, 3, 2, 0, 1, 4, 2, 1, 3, 3, 0, 1, 2, 2, 3, 0, 3, 3, 0, 4, 3, 3, 1, 2, 2, 3, 3, 1, 2, 4, 0, 3, 2, 3, 2, 2, 3, 1, 1, 0, 3, 0, 1, 1, 2, 3, 2, 0, 1, 2, 4, 3, 2, 1, 2, 4, 4, 0, 1, 4, 0, 3, 4, 4, 1, 2, 2, 4, 2, 3, 4, 1, 4, 4, 2, 2, 2, 2, 2, 0, 4, 1, 4, 0, 0, 1, 0, 4, 2, 3, 0, 3, 3, 4, 4, 1, 0, 0, 4, 2, 2, 0, 1, 1, 0, 2, 3, 2, 0, 4, 1, 4, 1, 1, 0, 0, 0, 3, 4, 2, 0, 1, 3, 1, 1, 1, 1, 4, 2, 2, 0, 2, 0, 0, 0, 1, 1, 1, 4, 4, 4, 0, 2, 0, 1, 4, 3, 4, 0, 4, 1, 1, 3, 3, 0, 4, 1, 4, 4, 2, 1, 2, 2, 3, 0, 1, 3, 0, 3, 3, 0, 2, 3, 4, 1, 2, 1, 2, 4, 0, 1, 4, 1, 0, 1, 4, 0, 3, 1, 0, 0, 4, 4, 0, 1, 3, 4, 1, 0, 0, 4, 2, 3, 3, 0, 1, 1, 4, 4, 2, 2, 1, 1, 3, 0, 3, 4, 4, 0, 3, 1, 3, 3, 0, 0, 4, 4, 4, 0, 0, 0, 4, 4, 2, 4, 2, 2, 4, 0, 0, 3, 2, 3, 0, 1, 4, 1, 3, 3, 2, 3, 3, 2, 0, 4, 1, 1, 0, 0, 3, 4, 2, 2, 2, 2, 4, 1, 2, 2, 3, 2, 3, 4, 1, 3, 0, 3, 3, 1, 4, 2, 0, 3, 1, 2, 0, 1, 2, 3, 3, 3, 1, 4, 1, 1, 0, 0, 1, 0, 4, 2, 1, 3, 0, 3, 3, 3, 3, 2, 1, 1, 1, 4, 1, 2, 2, 3, 1, 0, 3, 0, 3, 1, 3, 2, 1, 2, 4, 0, 2, 4, 1, 0, 3, 3, 3, 3, 2, 3, 4, 0, 2, 2, 2, 4, 0, 2, 4, 0, 4, 4, 3, 1, 0, 1, 4, 0, 2, 0, 4, 1, 1, 3, 0, 4, 4, 4, 4, 0, 2, 4, 4, 1, 2, 3, 3, 2, 4, 3, 3, 2, 4, 1, 2, 2, 1, 3, 2, 3, 3, 3, 0, 1, 2, 4, 1, 0, 3, 1, 3, 0, 4, 2, 0, 4, 0, 0, 2, 1, 3, 2, 1, 4, 3, 3, 4, 0, 0, 2, 0, 1, 4, 3, 1, 2, 4, 0, 0, 0, 1, 4, 2, 4, 3, 0, 1, 3, 1, 3, 4, 1, 4, 2, 0, 2, 2, 1, 4, 1, 3, 2, 3, 1, 2, 3, 1, 4, 1, 4, 1, 0, 0, 1, 1, 4, 4, 4, 1, 0, 1, 2, 2, 2, 3, 2, 2, 4, 1, 4, 1, 1, 1, 3, 0, 0, 4, 3, 3, 0, 0, 3, 3, 2, 4, 2, 3, 2, 0, 1, 3, 3, 3, 2, 2, 1, 2, 2, 2, 2, 1, 0, 2, 3, 1, 1, 3, 1, 1, 1, 4, 0, 4, 4, 0, 1, 1, 0, 1, 4, 2, 2, 0, 0, 4, 0, 1, 4, 2, 0, 3, 2, 2, 0, 2, 3, 1, 1, 2, 4, 4, 0, 0, 1, 3, 2, 3, 1, 4, 1, 1, 2, 3, 1, 1, 2, 4, 1, 1, 3, 1, 0, 3, 0, 4, 4, 4, 4, 2, 3, 4, 1, 4, 2, 0, 0, 2, 1, 0, 0, 3, 1, 2, 4, 1, 4, 0, 0, 2, 4, 1, 3, 4, 0, 1, 1, 1, 4, 3, 4, 3, 2, 2, 2, 0, 0, 3, 2, 0, 0]

----------------------------TRAIN----------------------------


----------------------------TEST----------------------------

[[106   1   2   1   3]
 [  1  85   0   0   0]
 [  1   1  95   1   0]
 [  0   0   0 106   0]
 [  0   0   0   0 108]]
              precision    recall  f1-score   support

           0       0.98      0.94      0.96       113
           1       0.98      0.99      0.98        86
           2       0.98      0.97      0.97        98
           3       0.98      1.00      0.99       106
           4       0.97      1.00      0.99       108

    accuracy                           0.98       511
   macro avg       0.98      0.98      0.98       511
weighted avg       0.98      0.98      0.98       511


ground truth: [2, 1, 3, 2, 3, 4, 4, 0, 2, 0, 0, 0, 4, 1, 1, 0, 4, 1, 3, 0, 2, 3, 3, 1, 1, 2, 1, 0, 2, 3, 3, 0, 0, 2, 3, 3, 0, 2, 3, 2, 4, 4, 1, 4, 0, 3, 0, 3, 3, 3, 3, 3, 0, 4, 1, 0, 4, 4, 0, 1, 1, 1, 0, 0, 1, 3, 0, 2, 4, 0, 3, 2, 4, 2, 1, 0, 0, 4, 2, 3, 2, 4, 4, 1, 3, 2, 4, 4, 1, 1, 2, 0, 1, 0, 4, 2, 1, 1, 3, 3, 3, 0, 0, 0, 2, 0, 2, 4, 4, 1, 2, 1, 4, 3, 4, 0, 2, 2, 0, 1, 0, 3, 2, 4, 3, 0, 4, 2, 0, 4, 3, 0, 4, 2, 1, 4, 3, 4, 3, 4, 1, 4, 3, 3, 4, 4, 0, 2, 4, 2, 3, 0, 1, 4, 0, 2, 3, 2, 4, 1, 4, 0, 0, 0, 4, 1, 1, 1, 4, 4, 4, 3, 3, 1, 2, 3, 4, 4, 2, 0, 3, 4, 1, 4, 2, 2, 4, 3, 3, 2, 4, 1, 1, 4, 1, 0, 4, 4, 2, 2, 4, 2, 0, 1, 4, 3, 1, 2, 4, 0, 3, 4, 2, 2, 0, 1, 0, 2, 4, 1, 3, 4, 4, 4, 1, 1, 3, 0, 0, 3, 0, 3, 1, 0, 4, 4, 0, 0, 3, 4, 4, 1, 0, 2, 0, 0, 0, 2, 3, 1, 4, 0, 4, 0, 3, 3, 3, 0, 3, 0, 3, 0, 2, 1, 2, 4, 0, 4, 2, 2, 0, 1, 0, 1, 1, 3, 3, 2, 4, 4, 2, 0, 0, 1, 3, 0, 2, 0, 0, 1, 0, 3, 0, 4, 0, 4, 0, 2, 1, 2, 3, 0, 2, 2, 4, 0, 2, 1, 2, 2, 1, 2, 2, 3, 0, 4, 2, 1, 3, 4, 0, 2, 1, 0, 1, 4, 1, 1, 1, 4, 0, 3, 2, 2, 2, 0, 3, 2, 2, 4, 2, 0, 4, 1, 0, 4, 2, 3, 0, 3, 2, 3, 0, 2, 2, 4, 4, 3, 1, 4, 3, 3, 4, 3, 2, 4, 3, 3, 3, 0, 3, 2, 3, 2, 3, 0, 0, 2, 3, 4, 2, 2, 2, 3, 3, 4, 2, 0, 2, 2, 1, 4, 4, 4, 3, 2, 3, 1, 1, 4, 1, 0, 3, 3, 4, 2, 2, 0, 4, 2, 1, 4, 2, 1, 0, 0, 0, 2, 1, 0, 1, 2, 1, 3, 3, 3, 2, 3, 3, 1, 0, 3, 1, 1, 0, 4, 0, 4, 3, 4, 1, 0, 4, 3, 1, 4, 0, 4, 2, 1, 1, 2, 0, 4, 3, 3, 4, 2, 2, 0, 1, 4, 3, 3, 0, 3, 2, 1, 0, 0, 4, 0, 3, 0, 0, 4, 3, 3, 2, 4, 1, 2, 4, 0, 3, 1, 4, 0, 1, 1, 3, 0, 4, 3, 0, 3, 0, 4, 2, 1, 0, 3, 1, 3, 1, 0, 2, 3, 3, 3, 4]
prediction:   [2, 1, 3, 2, 3, 4, 4, 0, 2, 0, 0, 0, 4, 1, 1, 0, 4, 1, 3, 0, 2, 3, 3, 1, 1, 2, 1, 0, 2, 3, 3, 0, 0, 2, 3, 3, 0, 2, 3, 2, 4, 4, 1, 4, 0, 3, 0, 3, 3, 3, 3, 3, 0, 4, 1, 0, 4, 4, 0, 1, 1, 1, 2, 0, 1, 3, 0, 2, 4, 0, 3, 2, 4, 2, 1, 0, 0, 4, 2, 3, 2, 4, 4, 1, 3, 2, 4, 4, 1, 1, 2, 0, 1, 0, 4, 2, 1, 1, 3, 3, 3, 0, 0, 0, 2, 0, 2, 4, 4, 1, 2, 1, 4, 3, 4, 0, 2, 2, 0, 1, 0, 3, 2, 4, 3, 4, 4, 2, 0, 4, 3, 0, 4, 2, 1, 4, 3, 4, 3, 4, 1, 4, 3, 3, 4, 4, 0, 2, 4, 2, 3, 0, 1, 4, 0, 2, 3, 2, 4, 1, 4, 0, 0, 0, 4, 1, 1, 1, 4, 4, 4, 3, 3, 1, 2, 3, 4, 4, 2, 0, 3, 4, 1, 4, 2, 2, 4, 3, 3, 2, 4, 1, 1, 4, 1, 0, 4, 4, 2, 2, 4, 2, 0, 1, 4, 3, 1, 2, 4, 0, 3, 4, 2, 2, 0, 1, 0, 2, 4, 1, 3, 4, 4, 4, 1, 1, 3, 0, 0, 3, 0, 3, 1, 4, 4, 4, 0, 0, 3, 4, 4, 1, 0, 2, 0, 0, 0, 2, 3, 1, 4, 0, 4, 1, 3, 3, 3, 0, 3, 0, 3, 0, 2, 1, 2, 4, 0, 4, 2, 2, 0, 1, 0, 1, 1, 3, 3, 2, 4, 4, 3, 0, 0, 1, 3, 0, 2, 0, 0, 1, 0, 3, 0, 4, 0, 4, 4, 2, 1, 2, 3, 0, 2, 2, 4, 0, 2, 1, 2, 2, 1, 2, 2, 3, 0, 4, 2, 1, 3, 4, 0, 2, 1, 0, 1, 4, 1, 1, 1, 4, 0, 3, 2, 2, 2, 0, 3, 2, 2, 4, 2, 0, 4, 1, 0, 4, 2, 3, 0, 3, 1, 3, 0, 2, 2, 4, 4, 3, 1, 4, 3, 3, 4, 3, 2, 4, 3, 3, 3, 0, 3, 2, 3, 2, 3, 0, 0, 2, 3, 4, 2, 2, 2, 3, 3, 4, 2, 0, 2, 2, 1, 4, 4, 4, 3, 2, 3, 0, 1, 4, 1, 0, 3, 3, 4, 2, 2, 0, 4, 2, 1, 4, 0, 1, 0, 0, 0, 2, 1, 0, 1, 2, 1, 3, 3, 3, 2, 3, 3, 1, 0, 3, 1, 1, 0, 4, 0, 4, 3, 4, 1, 2, 4, 3, 1, 4, 0, 4, 2, 1, 1, 2, 0, 4, 3, 3, 4, 2, 2, 0, 1, 4, 3, 3, 0, 3, 2, 1, 0, 0, 4, 0, 3, 0, 0, 4, 3, 3, 2, 4, 1, 2, 4, 0, 3, 1, 4, 0, 1, 1, 3, 0, 4, 3, 3, 3, 0, 4, 2, 1, 0, 3, 1, 3, 1, 0, 2, 3, 3, 3, 4]

----------------------------TEST----------------------------


Epochs: 4                 | Train Loss:  0.001                 | Train Accuracy:  0.997                 | Val Loss:  0.003                 | Val Accuracy:  0.978

100%|██████████████████████████████████████████████████████████████████████████████████████████████████████████████████████████████████████████████████████████████████████████████████████████████████████████████████████████████████████████████████| 64/64 [51:25<00:00, 48.22s/it]


----------------------------TRAIN----------------------------

[[394   0   1   0   3]
 [  0 420   0   0   5]
 [  0   0 413   0   0]
 [  0   0   0 405   0]
 [  0   2   0   0 401]]
              precision    recall  f1-score   support

           0       1.00      0.99      0.99       398
           1       1.00      0.99      0.99       425
           2       1.00      1.00      1.00       413
           3       1.00      1.00      1.00       405
           4       0.98      1.00      0.99       403

    accuracy                           0.99      2044
   macro avg       0.99      0.99      0.99      2044
weighted avg       0.99      0.99      0.99      2044


ground truth: [1, 2, 1, 2, 3, 3, 1, 0, 3, 3, 1, 1, 0, 1, 1, 0, 1, 2, 4, 0, 1, 3, 4, 0, 2, 2, 0, 1, 3, 2, 0, 3, 1, 4, 1, 2, 0, 3, 3, 1, 2, 4, 4, 0, 3, 3, 1, 1, 0, 4, 0, 1, 4, 2, 3, 4, 2, 4, 0, 2, 0, 3, 3, 1, 0, 1, 3, 1, 4, 3, 3, 2, 4, 4, 4, 4, 0, 0, 2, 0, 1, 0, 1, 4, 1, 4, 1, 2, 2, 1, 4, 2, 0, 1, 1, 1, 2, 4, 4, 1, 4, 1, 0, 2, 2, 4, 3, 1, 2, 3, 0, 2, 1, 1, 4, 0, 0, 2, 1, 0, 1, 3, 2, 2, 3, 3, 1, 1, 4, 0, 1, 2, 0, 2, 3, 4, 2, 2, 2, 2, 2, 3, 2, 1, 2, 3, 3, 4, 1, 1, 2, 4, 2, 2, 2, 0, 4, 2, 0, 0, 2, 3, 4, 3, 3, 1, 0, 3, 1, 3, 2, 3, 0, 2, 0, 2, 4, 1, 3, 2, 3, 2, 4, 1, 1, 3, 2, 4, 2, 4, 3, 4, 0, 0, 4, 0, 1, 0, 4, 1, 1, 4, 0, 3, 1, 3, 1, 3, 3, 4, 1, 1, 3, 3, 4, 0, 2, 4, 2, 2, 3, 0, 4, 3, 0, 0, 1, 4, 3, 3, 1, 3, 1, 0, 0, 0, 1, 3, 2, 3, 2, 3, 4, 3, 2, 2, 2, 3, 1, 1, 0, 4, 0, 0, 0, 3, 1, 4, 4, 4, 1, 2, 4, 2, 4, 3, 4, 4, 0, 1, 0, 1, 2, 2, 2, 2, 4, 3, 0, 2, 1, 1, 2, 1, 2, 1, 3, 3, 2, 3, 2, 4, 4, 3, 0, 3, 0, 4, 0, 3, 3, 4, 3, 3, 0, 1, 4, 3, 2, 4, 1, 4, 3, 1, 4, 0, 1, 3, 2, 3, 2, 4, 2, 0, 1, 1, 3, 0, 1, 0, 2, 1, 0, 1, 0, 2, 0, 4, 2, 1, 4, 0, 2, 1, 1, 4, 3, 1, 2, 0, 4, 3, 2, 2, 4, 1, 1, 3, 0, 1, 1, 1, 0, 1, 2, 4, 4, 3, 0, 1, 3, 1, 0, 4, 1, 2, 0, 1, 0, 2, 4, 4, 1, 2, 1, 3, 1, 0, 3, 1, 3, 0, 1, 1, 0, 1, 4, 4, 1, 1, 1, 2, 1, 2, 2, 3, 3, 1, 3, 1, 0, 2, 2, 2, 3, 0, 1, 3, 4, 1, 0, 0, 1, 0, 1, 4, 2, 0, 0, 0, 4, 4, 2, 2, 0, 4, 2, 0, 0, 3, 2, 3, 2, 2, 3, 2, 2, 0, 0, 3, 1, 3, 0, 4, 1, 1, 2, 3, 1, 0, 2, 1, 3, 0, 0, 1, 2, 4, 1, 0, 2, 0, 2, 3, 1, 1, 3, 3, 1, 1, 1, 2, 4, 2, 3, 4, 2, 2, 1, 0, 0, 2, 1, 4, 0, 0, 0, 0, 1, 4, 4, 2, 0, 1, 2, 4, 0, 0, 2, 0, 2, 2, 1, 4, 3, 0, 2, 1, 1, 3, 0, 3, 0, 1, 4, 0, 0, 4, 4, 1, 4, 0, 2, 1, 2, 4, 1, 0, 3, 1, 2, 4, 0, 2, 3, 1, 1, 1, 4, 1, 0, 1, 4, 1, 4, 3, 3, 0, 0, 2, 1, 2, 4, 4, 4, 1, 4, 3, 2, 3, 4, 1, 0, 2, 0, 1, 3, 4, 2, 3, 3, 1, 3, 4, 2, 4, 4, 3, 0, 0, 2, 2, 3, 1, 4, 3, 0, 3, 2, 0, 3, 1, 0, 4, 2, 2, 4, 0, 2, 3, 2, 1, 4, 4, 1, 2, 2, 1, 3, 4, 4, 4, 2, 1, 3, 1, 1, 3, 4, 1, 3, 2, 2, 3, 4, 3, 0, 3, 4, 2, 1, 1, 0, 4, 3, 0, 1, 4, 4, 1, 1, 3, 3, 4, 4, 2, 3, 3, 3, 0, 4, 4, 3, 1, 0, 3, 3, 2, 3, 1, 0, 3, 3, 3, 4, 0, 3, 3, 2, 0, 1, 2, 1, 2, 4, 4, 3, 0, 3, 0, 4, 4, 1, 3, 3, 4, 1, 2, 3, 2, 4, 4, 0, 4, 3, 2, 1, 0, 3, 3, 4, 1, 3, 3, 1, 1, 0, 0, 1, 3, 0, 1, 3, 3, 0, 4, 2, 2, 3, 3, 1, 2, 0, 2, 3, 0, 4, 4, 0, 3, 1, 2, 2, 3, 0, 2, 2, 2, 0, 0, 1, 3, 2, 2, 2, 3, 3, 3, 3, 2, 2, 1, 1, 0, 2, 3, 3, 4, 1, 1, 0, 3, 4, 1, 3, 0, 4, 3, 4, 4, 0, 2, 0, 0, 1, 3, 4, 3, 2, 1, 4, 4, 0, 2, 1, 0, 4, 1, 2, 0, 1, 2, 0, 4, 0, 2, 3, 1, 3, 2, 1, 2, 2, 2, 2, 1, 2, 1, 1, 1, 3, 2, 3, 0, 2, 1, 3, 2, 0, 0, 3, 0, 1, 3, 4, 2, 2, 0, 3, 3, 1, 3, 2, 1, 0, 3, 2, 0, 3, 4, 2, 2, 2, 0, 1, 1, 2, 4, 1, 2, 3, 4, 0, 0, 4, 2, 2, 4, 0, 4, 2, 1, 0, 2, 4, 4, 2, 3, 4, 2, 0, 4, 4, 4, 3, 2, 1, 0, 1, 0, 2, 0, 1, 4, 4, 1, 2, 4, 0, 0, 1, 4, 2, 4, 2, 0, 2, 0, 4, 2, 3, 3, 2, 4, 4, 4, 1, 0, 2, 3, 1, 2, 0, 2, 1, 4, 4, 4, 0, 0, 4, 2, 0, 0, 3, 1, 2, 1, 4, 2, 0, 3, 1, 3, 4, 0, 4, 1, 0, 0, 1, 2, 0, 1, 1, 3, 1, 4, 2, 3, 3, 1, 2, 2, 2, 4, 0, 4, 4, 2, 1, 4, 1, 3, 2, 4, 4, 0, 4, 2, 1, 1, 0, 2, 2, 1, 4, 3, 1, 3, 0, 0, 3, 1, 2, 0, 1, 3, 3, 1, 3, 2, 4, 1, 1, 0, 1, 3, 3, 4, 4, 3, 2, 4, 2, 1, 0, 2, 3, 1, 3, 4, 1, 1, 2, 1, 0, 1, 0, 1, 0, 4, 4, 0, 3, 1, 3, 4, 1, 4, 0, 3, 4, 0, 1, 1, 1, 3, 2, 4, 3, 3, 3, 4, 3, 3, 4, 0, 1, 3, 3, 3, 0, 1, 2, 1, 2, 3, 4, 3, 4, 1, 4, 4, 1, 1, 3, 4, 4, 0, 4, 1, 2, 0, 2, 0, 1, 4, 0, 3, 2, 2, 4, 4, 3, 4, 4, 3, 1, 1, 0, 3, 4, 3, 4, 2, 2, 3, 2, 1, 4, 0, 3, 4, 4, 2, 0, 2, 1, 2, 2, 4, 2, 0, 2, 4, 2, 1, 4, 1, 4, 1, 4, 2, 0, 3, 3, 2, 2, 0, 2, 4, 2, 3, 1, 0, 3, 3, 2, 3, 0, 4, 4, 3, 4, 3, 2, 0, 2, 0, 1, 1, 4, 3, 3, 4, 2, 0, 0, 0, 0, 4, 2, 3, 3, 4, 1, 0, 3, 0, 0, 4, 4, 3, 3, 3, 3, 4, 0, 1, 0, 2, 3, 1, 4, 0, 3, 4, 0, 2, 2, 3, 0, 4, 2, 2, 3, 0, 4, 0, 3, 0, 4, 3, 4, 1, 4, 2, 1, 3, 4, 2, 0, 3, 1, 2, 0, 0, 0, 1, 0, 3, 1, 4, 2, 2, 4, 0, 4, 1, 3, 4, 0, 4, 4, 2, 2, 2, 2, 3, 1, 1, 0, 1, 2, 0, 4, 2, 2, 0, 4, 0, 2, 0, 3, 3, 4, 1, 1, 2, 3, 0, 2, 3, 1, 3, 3, 4, 1, 4, 4, 3, 4, 4, 0, 3, 4, 0, 4, 1, 3, 4, 0, 0, 2, 1, 1, 4, 3, 3, 4, 2, 1, 3, 1, 2, 0, 2, 4, 0, 4, 1, 1, 3, 4, 1, 0, 4, 0, 3, 1, 1, 3, 4, 0, 0, 3, 0, 4, 2, 4, 2, 1, 4, 4, 3, 1, 2, 2, 0, 0, 1, 4, 3, 4, 4, 3, 2, 0, 0, 4, 3, 4, 1, 0, 2, 2, 4, 0, 1, 4, 3, 1, 1, 3, 2, 1, 0, 2, 4, 2, 4, 2, 0, 0, 1, 3, 3, 3, 2, 3, 4, 1, 0, 3, 0, 4, 0, 3, 3, 1, 2, 2, 3, 1, 1, 1, 2, 4, 1, 0, 0, 3, 4, 2, 0, 2, 2, 0, 4, 0, 4, 2, 2, 0, 0, 4, 2, 1, 2, 0, 0, 3, 3, 3, 4, 3, 3, 4, 3, 2, 2, 0, 1, 3, 1, 2, 0, 0, 0, 2, 0, 2, 1, 1, 2, 0, 2, 2, 0, 0, 3, 4, 4, 4, 0, 4, 2, 2, 1, 2, 4, 1, 2, 2, 4, 2, 2, 0, 0, 1, 0, 0, 2, 0, 3, 0, 2, 3, 1, 1, 1, 2, 3, 0, 0, 3, 2, 3, 2, 2, 1, 0, 0, 2, 4, 4, 4, 4, 0, 0, 3, 0, 3, 1, 0, 4, 1, 4, 0, 1, 2, 3, 3, 3, 3, 4, 4, 4, 2, 1, 4, 1, 3, 3, 3, 3, 0, 3, 1, 4, 2, 0, 2, 4, 0, 4, 0, 1, 4, 0, 2, 3, 2, 2, 4, 2, 0, 0, 4, 3, 4, 1, 1, 4, 0, 3, 4, 4, 0, 4, 2, 4, 0, 0, 3, 1, 2, 4, 2, 0, 2, 3, 3, 2, 4, 3, 2, 4, 4, 3, 0, 3, 2, 0, 0, 2, 0, 1, 1, 1, 0, 3, 4, 3, 0, 2, 0, 3, 2, 1, 1, 1, 2, 4, 0, 0, 1, 2, 0, 2, 4, 1, 0, 0, 4, 2, 1, 3, 3, 4, 0, 0, 3, 2, 1, 4, 4, 2, 3, 1, 2, 2, 2, 0, 0, 4, 3, 1, 2, 2, 1, 0, 1, 1, 2, 3, 1, 3, 4, 1, 1, 1, 1, 3, 0, 4, 2, 3, 1, 2, 4, 2, 3, 0, 1, 3, 2, 3, 2, 3, 3, 4, 1, 2, 1, 3, 2, 4, 0, 3, 1, 0, 1, 3, 1, 3, 4, 3, 1, 3, 1, 2, 2, 3, 2, 3, 4, 4, 2, 2, 1, 3, 2, 3, 0, 4, 2, 3, 3, 4, 4, 0, 0, 4, 2, 2, 0, 1, 0, 1, 0, 1, 1, 1, 1, 3, 0, 2, 4, 4, 4, 2, 4, 1, 4, 4, 0, 4, 3, 0, 1, 4, 2, 1, 3, 1, 3, 4, 2, 3, 0, 2, 1, 0, 2, 2, 0, 0, 3, 0, 0, 3, 4, 4, 3, 4, 4, 3, 1, 3, 1, 4, 4, 4, 3, 3, 2, 0, 1, 0, 1, 2, 0, 2, 4, 1, 2, 0, 3, 4, 0, 4, 2, 0, 1, 4, 3, 4, 3, 1, 3, 1, 0, 1, 1, 0, 1, 2, 0, 2, 2, 4, 4, 4, 1, 1, 4, 2, 4, 3, 4, 0, 4, 3, 0, 1, 0, 1, 4, 4, 2, 3, 1, 1, 2, 1, 1, 3, 2, 3, 3, 3, 2, 1, 2, 2, 3, 4, 2, 2, 0, 3, 3, 3, 4, 1, 2, 3, 0, 2, 3, 1, 1, 1, 0, 1, 2, 4, 2, 1, 1, 1, 1, 2, 3, 4, 2, 1, 4, 2, 1, 1, 0, 2, 3, 4, 3, 1, 0, 1, 0, 3, 3, 1, 3, 0, 2, 4, 4, 3, 3, 4, 4, 4, 1, 0, 2, 4, 2, 3, 1, 0, 1, 0, 0, 3, 1, 0, 0, 4, 1, 2, 2, 1, 0, 1, 2, 1, 3, 3, 3, 3, 0, 1, 1, 1, 4, 4, 4, 0, 3, 4, 1, 4, 3, 3, 2, 4, 0, 2, 3, 1, 4, 3, 3, 2, 2, 2, 4, 0, 3, 1, 1, 2, 3, 0, 4, 4, 0, 0, 3, 0, 1, 4, 4, 3, 0, 0, 1, 4, 0, 2, 3, 0, 3, 0, 4, 2, 0, 0, 0, 1, 0, 3, 2, 2, 1, 1, 2, 4, 0, 2, 0, 4, 0, 3, 0, 4, 4, 2, 2, 1, 2, 3, 1, 4, 4, 0, 1, 3, 3, 2, 1, 1, 1, 1, 3, 0, 1, 4, 0, 1, 1, 3, 4, 4, 4, 0, 4, 1, 1, 2, 1]
prediction:   [1, 2, 1, 2, 3, 3, 1, 0, 3, 3, 1, 1, 0, 1, 1, 0, 1, 2, 4, 0, 1, 3, 4, 0, 2, 2, 0, 1, 3, 2, 0, 3, 1, 4, 1, 2, 0, 3, 3, 1, 2, 4, 4, 0, 3, 3, 1, 1, 0, 4, 0, 1, 4, 2, 3, 4, 2, 4, 0, 2, 0, 3, 3, 1, 0, 1, 3, 1, 4, 3, 3, 2, 4, 4, 4, 4, 0, 0, 2, 0, 1, 0, 1, 4, 1, 4, 1, 2, 2, 1, 4, 2, 0, 1, 1, 1, 2, 4, 4, 1, 4, 1, 0, 2, 2, 4, 3, 1, 2, 3, 0, 2, 1, 1, 4, 0, 0, 2, 1, 0, 1, 3, 2, 2, 3, 3, 1, 1, 4, 4, 1, 2, 0, 2, 3, 4, 2, 2, 2, 2, 2, 3, 2, 1, 2, 3, 3, 4, 4, 1, 2, 4, 2, 2, 2, 0, 4, 2, 0, 0, 2, 3, 4, 3, 3, 1, 0, 3, 1, 3, 2, 3, 2, 2, 0, 2, 4, 1, 3, 2, 3, 2, 4, 1, 1, 3, 2, 4, 2, 4, 3, 4, 0, 0, 4, 0, 1, 0, 4, 1, 1, 4, 0, 3, 1, 3, 1, 3, 3, 4, 1, 1, 3, 3, 4, 0, 2, 4, 2, 2, 3, 0, 4, 3, 0, 0, 1, 4, 3, 3, 1, 3, 1, 0, 0, 0, 1, 3, 2, 3, 2, 3, 4, 3, 2, 2, 2, 3, 1, 1, 0, 4, 0, 0, 0, 3, 1, 4, 4, 4, 1, 2, 4, 2, 4, 3, 4, 4, 0, 1, 0, 1, 2, 2, 2, 2, 4, 3, 0, 2, 1, 1, 2, 1, 2, 1, 3, 3, 2, 3, 2, 4, 4, 3, 0, 3, 0, 4, 0, 3, 3, 4, 3, 3, 0, 1, 4, 3, 2, 4, 1, 4, 3, 1, 4, 0, 1, 3, 2, 3, 2, 4, 2, 0, 1, 1, 3, 0, 1, 0, 2, 1, 0, 1, 0, 2, 0, 4, 2, 1, 4, 0, 2, 1, 1, 4, 3, 1, 2, 0, 4, 3, 2, 2, 4, 1, 1, 3, 0, 4, 1, 1, 4, 1, 2, 4, 4, 3, 0, 1, 3, 1, 0, 4, 1, 2, 0, 1, 0, 2, 4, 4, 1, 2, 1, 3, 1, 0, 3, 1, 3, 0, 1, 1, 0, 1, 4, 4, 1, 1, 1, 2, 1, 2, 2, 3, 3, 1, 3, 1, 0, 2, 2, 2, 3, 0, 1, 3, 4, 1, 0, 0, 1, 0, 1, 4, 2, 0, 0, 0, 4, 4, 2, 2, 0, 4, 2, 0, 0, 3, 2, 3, 2, 2, 3, 2, 2, 0, 0, 3, 1, 3, 0, 4, 1, 1, 2, 3, 1, 0, 2, 1, 3, 0, 0, 1, 2, 4, 1, 0, 2, 0, 2, 3, 1, 1, 3, 3, 1, 1, 1, 2, 4, 2, 3, 4, 2, 2, 1, 0, 0, 2, 1, 4, 0, 0, 0, 0, 1, 4, 4, 2, 0, 1, 2, 4, 0, 0, 2, 0, 2, 2, 1, 4, 3, 0, 2, 1, 1, 3, 0, 3, 0, 1, 4, 0, 0, 4, 4, 1, 4, 0, 2, 1, 2, 4, 1, 0, 3, 1, 2, 4, 0, 2, 3, 1, 1, 1, 4, 1, 0, 1, 4, 1, 4, 3, 3, 0, 0, 2, 1, 2, 4, 4, 4, 1, 4, 3, 2, 3, 4, 1, 0, 2, 0, 1, 3, 4, 2, 3, 3, 1, 3, 4, 2, 4, 4, 3, 0, 0, 2, 2, 3, 1, 4, 3, 0, 3, 2, 0, 3, 1, 0, 4, 2, 2, 4, 0, 2, 3, 2, 1, 4, 4, 1, 2, 2, 1, 3, 4, 4, 4, 2, 1, 3, 1, 1, 3, 4, 1, 3, 2, 2, 3, 1, 3, 0, 3, 4, 2, 1, 1, 0, 4, 3, 0, 1, 4, 4, 1, 1, 3, 3, 4, 4, 2, 3, 3, 3, 0, 4, 4, 3, 1, 0, 3, 3, 2, 3, 1, 0, 3, 3, 3, 4, 0, 3, 3, 2, 0, 1, 2, 1, 2, 4, 4, 3, 0, 3, 0, 4, 4, 1, 3, 3, 4, 1, 2, 3, 2, 4, 4, 0, 4, 3, 2, 1, 0, 3, 3, 4, 1, 3, 3, 1, 1, 0, 0, 1, 3, 0, 1, 3, 3, 0, 4, 2, 2, 3, 3, 1, 2, 0, 2, 3, 0, 4, 4, 0, 3, 1, 2, 2, 3, 0, 2, 2, 2, 0, 0, 1, 3, 2, 2, 2, 3, 3, 3, 3, 2, 2, 1, 1, 0, 2, 3, 3, 4, 1, 1, 0, 3, 4, 1, 3, 0, 4, 3, 4, 4, 0, 2, 0, 0, 1, 3, 4, 3, 2, 1, 4, 4, 0, 2, 1, 0, 4, 1, 2, 0, 1, 2, 0, 4, 0, 2, 3, 1, 3, 2, 1, 2, 2, 2, 2, 1, 2, 1, 1, 1, 3, 2, 3, 0, 2, 1, 3, 2, 0, 0, 3, 0, 1, 3, 4, 2, 2, 0, 3, 3, 4, 3, 2, 1, 0, 3, 2, 0, 3, 4, 2, 2, 2, 0, 1, 1, 2, 4, 1, 2, 3, 4, 0, 0, 4, 2, 2, 4, 0, 4, 2, 1, 0, 2, 4, 4, 2, 3, 4, 2, 0, 4, 4, 4, 3, 2, 1, 0, 1, 0, 2, 0, 1, 4, 4, 1, 2, 4, 0, 0, 1, 4, 2, 4, 2, 0, 2, 0, 4, 2, 3, 3, 2, 4, 4, 4, 1, 0, 2, 3, 1, 2, 0, 2, 1, 4, 4, 4, 0, 0, 4, 2, 0, 0, 3, 1, 2, 1, 4, 2, 0, 3, 1, 3, 4, 0, 4, 1, 0, 0, 1, 2, 0, 1, 1, 3, 1, 4, 2, 3, 3, 1, 2, 2, 2, 4, 0, 4, 4, 2, 1, 4, 1, 3, 2, 4, 4, 0, 4, 2, 1, 1, 0, 2, 2, 1, 4, 3, 1, 3, 0, 0, 3, 1, 2, 0, 1, 3, 3, 1, 3, 2, 4, 1, 1, 0, 1, 3, 3, 4, 4, 3, 2, 4, 2, 1, 0, 2, 3, 1, 3, 4, 1, 1, 2, 1, 0, 1, 0, 1, 0, 4, 4, 0, 3, 1, 3, 4, 4, 4, 0, 3, 4, 0, 1, 1, 1, 3, 2, 4, 3, 3, 3, 4, 3, 3, 4, 0, 1, 3, 3, 3, 0, 1, 2, 1, 2, 3, 4, 3, 4, 1, 4, 4, 1, 1, 3, 4, 4, 0, 4, 4, 2, 0, 2, 0, 1, 4, 0, 3, 2, 2, 4, 4, 3, 4, 4, 3, 1, 1, 0, 3, 4, 3, 4, 2, 2, 3, 2, 1, 4, 0, 3, 4, 4, 2, 0, 2, 1, 2, 2, 4, 2, 0, 2, 4, 2, 1, 4, 1, 4, 1, 4, 2, 0, 3, 3, 2, 2, 0, 2, 4, 2, 3, 1, 0, 3, 3, 2, 3, 0, 4, 4, 3, 4, 3, 2, 0, 2, 0, 1, 1, 4, 3, 3, 4, 2, 0, 0, 0, 0, 4, 2, 3, 3, 4, 1, 0, 3, 0, 0, 4, 4, 3, 3, 3, 3, 4, 0, 1, 0, 2, 3, 1, 4, 0, 3, 4, 0, 2, 2, 3, 0, 4, 2, 2, 3, 0, 4, 0, 3, 0, 4, 3, 4, 1, 4, 2, 1, 3, 4, 2, 0, 3, 1, 2, 0, 0, 0, 1, 0, 3, 1, 4, 2, 2, 4, 0, 4, 1, 3, 4, 0, 4, 4, 2, 2, 2, 2, 3, 1, 1, 0, 1, 2, 0, 4, 2, 2, 0, 4, 0, 2, 0, 3, 3, 4, 1, 1, 2, 3, 0, 2, 3, 1, 3, 3, 4, 1, 4, 4, 3, 4, 4, 0, 3, 4, 0, 4, 1, 3, 4, 0, 0, 2, 1, 1, 4, 3, 3, 4, 2, 1, 3, 1, 2, 0, 2, 4, 0, 4, 1, 1, 3, 4, 1, 0, 4, 0, 3, 1, 1, 3, 4, 0, 0, 3, 0, 4, 2, 4, 2, 1, 4, 4, 3, 1, 2, 2, 0, 0, 1, 4, 3, 4, 4, 3, 2, 0, 0, 4, 3, 4, 1, 0, 2, 2, 4, 0, 1, 4, 3, 1, 1, 3, 2, 1, 0, 2, 4, 2, 4, 2, 0, 0, 1, 3, 3, 3, 2, 3, 4, 1, 0, 3, 0, 4, 0, 3, 3, 1, 2, 2, 3, 1, 1, 1, 2, 4, 1, 0, 0, 3, 4, 2, 0, 2, 2, 0, 4, 0, 4, 2, 2, 0, 0, 4, 2, 1, 2, 0, 0, 3, 3, 3, 4, 3, 3, 4, 3, 2, 2, 0, 1, 3, 1, 2, 0, 0, 0, 2, 0, 2, 1, 1, 2, 0, 2, 2, 0, 0, 3, 4, 4, 4, 0, 4, 2, 2, 1, 2, 1, 1, 2, 2, 4, 2, 2, 0, 0, 1, 0, 0, 2, 0, 3, 0, 2, 3, 1, 1, 1, 2, 3, 0, 0, 3, 2, 3, 2, 2, 1, 0, 0, 2, 4, 4, 4, 4, 0, 0, 3, 0, 3, 1, 0, 4, 1, 4, 0, 1, 2, 3, 3, 3, 3, 4, 4, 4, 2, 1, 4, 1, 3, 3, 3, 3, 0, 3, 1, 4, 2, 0, 2, 4, 0, 4, 0, 1, 4, 0, 2, 3, 2, 2, 4, 2, 0, 0, 4, 3, 4, 1, 1, 4, 0, 3, 4, 4, 0, 4, 2, 4, 0, 0, 3, 1, 2, 4, 2, 0, 2, 3, 3, 2, 4, 3, 2, 4, 4, 3, 0, 3, 2, 0, 0, 2, 0, 1, 1, 1, 0, 3, 4, 3, 0, 2, 0, 3, 2, 1, 1, 1, 2, 4, 0, 0, 1, 2, 0, 2, 4, 1, 0, 0, 4, 2, 1, 3, 3, 4, 0, 0, 3, 2, 1, 4, 4, 2, 3, 1, 2, 2, 2, 0, 0, 4, 3, 1, 2, 2, 1, 0, 1, 1, 2, 3, 1, 3, 4, 1, 1, 1, 1, 3, 4, 4, 2, 3, 1, 2, 4, 2, 3, 0, 1, 3, 2, 3, 2, 3, 3, 4, 1, 2, 1, 3, 2, 4, 0, 3, 1, 0, 1, 3, 1, 3, 4, 3, 1, 3, 1, 2, 2, 3, 2, 3, 4, 4, 2, 2, 1, 3, 2, 3, 0, 4, 2, 3, 3, 4, 4, 0, 0, 4, 2, 2, 0, 1, 0, 1, 0, 1, 1, 1, 1, 3, 0, 2, 4, 4, 4, 2, 4, 1, 4, 4, 0, 4, 3, 0, 1, 4, 2, 1, 3, 1, 3, 4, 2, 3, 0, 2, 1, 0, 2, 2, 0, 0, 3, 0, 0, 3, 4, 4, 3, 4, 4, 3, 1, 3, 1, 4, 4, 4, 3, 3, 2, 0, 1, 0, 1, 2, 0, 2, 4, 1, 2, 0, 3, 4, 0, 4, 2, 0, 1, 4, 3, 4, 3, 1, 3, 1, 0, 1, 1, 0, 1, 2, 0, 2, 2, 4, 4, 4, 1, 1, 4, 2, 4, 3, 4, 0, 4, 3, 0, 1, 0, 1, 4, 4, 2, 3, 1, 1, 2, 1, 1, 3, 2, 3, 3, 3, 2, 1, 2, 2, 3, 4, 2, 2, 0, 3, 3, 3, 4, 1, 2, 3, 0, 2, 3, 1, 1, 1, 0, 1, 2, 4, 2, 1, 1, 1, 1, 2, 3, 4, 2, 1, 4, 2, 1, 1, 0, 2, 3, 4, 3, 1, 0, 1, 0, 3, 3, 1, 3, 0, 2, 4, 4, 3, 3, 4, 4, 4, 1, 0, 2, 4, 2, 3, 1, 0, 1, 0, 0, 3, 1, 0, 0, 4, 1, 2, 2, 1, 0, 1, 2, 1, 3, 3, 3, 3, 0, 1, 1, 1, 4, 4, 4, 0, 3, 4, 1, 4, 3, 3, 2, 4, 0, 2, 3, 1, 4, 3, 3, 2, 2, 2, 4, 0, 3, 1, 1, 2, 3, 0, 4, 4, 0, 0, 3, 0, 1, 4, 4, 3, 0, 0, 1, 4, 0, 2, 3, 0, 3, 0, 4, 2, 0, 0, 0, 1, 0, 3, 2, 2, 1, 1, 2, 4, 0, 2, 0, 4, 0, 3, 0, 4, 4, 2, 2, 1, 2, 3, 1, 4, 4, 0, 1, 3, 3, 2, 1, 1, 1, 1, 3, 0, 1, 4, 0, 1, 1, 3, 4, 4, 4, 0, 4, 1, 1, 2, 1]

----------------------------TRAIN----------------------------


----------------------------TEST----------------------------

[[110   1   1   0   1]
 [  1  85   0   0   0]
 [  2   1  94   1   0]
 [  0   0   0 106   0]
 [  0   1   0   0 107]]
              precision    recall  f1-score   support

           0       0.97      0.97      0.97       113
           1       0.97      0.99      0.98        86
           2       0.99      0.96      0.97        98
           3       0.99      1.00      1.00       106
           4       0.99      0.99      0.99       108

    accuracy                           0.98       511
   macro avg       0.98      0.98      0.98       511
weighted avg       0.98      0.98      0.98       511


ground truth: [2, 1, 3, 2, 3, 4, 4, 0, 2, 0, 0, 0, 4, 1, 1, 0, 4, 1, 3, 0, 2, 3, 3, 1, 1, 2, 1, 0, 2, 3, 3, 0, 0, 2, 3, 3, 0, 2, 3, 2, 4, 4, 1, 4, 0, 3, 0, 3, 3, 3, 3, 3, 0, 4, 1, 0, 4, 4, 0, 1, 1, 1, 0, 0, 1, 3, 0, 2, 4, 0, 3, 2, 4, 2, 1, 0, 0, 4, 2, 3, 2, 4, 4, 1, 3, 2, 4, 4, 1, 1, 2, 0, 1, 0, 4, 2, 1, 1, 3, 3, 3, 0, 0, 0, 2, 0, 2, 4, 4, 1, 2, 1, 4, 3, 4, 0, 2, 2, 0, 1, 0, 3, 2, 4, 3, 0, 4, 2, 0, 4, 3, 0, 4, 2, 1, 4, 3, 4, 3, 4, 1, 4, 3, 3, 4, 4, 0, 2, 4, 2, 3, 0, 1, 4, 0, 2, 3, 2, 4, 1, 4, 0, 0, 0, 4, 1, 1, 1, 4, 4, 4, 3, 3, 1, 2, 3, 4, 4, 2, 0, 3, 4, 1, 4, 2, 2, 4, 3, 3, 2, 4, 1, 1, 4, 1, 0, 4, 4, 2, 2, 4, 2, 0, 1, 4, 3, 1, 2, 4, 0, 3, 4, 2, 2, 0, 1, 0, 2, 4, 1, 3, 4, 4, 4, 1, 1, 3, 0, 0, 3, 0, 3, 1, 0, 4, 4, 0, 0, 3, 4, 4, 1, 0, 2, 0, 0, 0, 2, 3, 1, 4, 0, 4, 0, 3, 3, 3, 0, 3, 0, 3, 0, 2, 1, 2, 4, 0, 4, 2, 2, 0, 1, 0, 1, 1, 3, 3, 2, 4, 4, 2, 0, 0, 1, 3, 0, 2, 0, 0, 1, 0, 3, 0, 4, 0, 4, 0, 2, 1, 2, 3, 0, 2, 2, 4, 0, 2, 1, 2, 2, 1, 2, 2, 3, 0, 4, 2, 1, 3, 4, 0, 2, 1, 0, 1, 4, 1, 1, 1, 4, 0, 3, 2, 2, 2, 0, 3, 2, 2, 4, 2, 0, 4, 1, 0, 4, 2, 3, 0, 3, 2, 3, 0, 2, 2, 4, 4, 3, 1, 4, 3, 3, 4, 3, 2, 4, 3, 3, 3, 0, 3, 2, 3, 2, 3, 0, 0, 2, 3, 4, 2, 2, 2, 3, 3, 4, 2, 0, 2, 2, 1, 4, 4, 4, 3, 2, 3, 1, 1, 4, 1, 0, 3, 3, 4, 2, 2, 0, 4, 2, 1, 4, 2, 1, 0, 0, 0, 2, 1, 0, 1, 2, 1, 3, 3, 3, 2, 3, 3, 1, 0, 3, 1, 1, 0, 4, 0, 4, 3, 4, 1, 0, 4, 3, 1, 4, 0, 4, 2, 1, 1, 2, 0, 4, 3, 3, 4, 2, 2, 0, 1, 4, 3, 3, 0, 3, 2, 1, 0, 0, 4, 0, 3, 0, 0, 4, 3, 3, 2, 4, 1, 2, 4, 0, 3, 1, 4, 0, 1, 1, 3, 0, 4, 3, 0, 3, 0, 4, 2, 1, 0, 3, 1, 3, 1, 0, 2, 3, 3, 3, 4]
prediction:   [2, 1, 3, 2, 3, 4, 4, 0, 2, 0, 0, 0, 4, 1, 1, 0, 1, 1, 3, 0, 2, 3, 3, 1, 1, 2, 1, 0, 2, 3, 3, 0, 0, 2, 3, 3, 0, 2, 3, 2, 4, 4, 1, 4, 0, 3, 0, 3, 3, 3, 3, 3, 0, 4, 1, 0, 4, 4, 0, 1, 1, 1, 0, 0, 1, 3, 0, 2, 4, 0, 3, 2, 4, 2, 1, 0, 0, 4, 2, 3, 2, 4, 4, 1, 3, 2, 4, 4, 1, 1, 2, 0, 1, 0, 4, 2, 1, 1, 3, 3, 3, 0, 0, 0, 2, 0, 2, 4, 4, 1, 2, 1, 4, 3, 4, 0, 2, 2, 0, 1, 0, 3, 2, 4, 3, 0, 4, 2, 0, 4, 3, 0, 4, 2, 1, 4, 3, 4, 3, 4, 1, 4, 3, 3, 4, 4, 0, 2, 4, 2, 3, 0, 1, 4, 0, 2, 3, 2, 4, 1, 4, 0, 0, 0, 4, 1, 1, 1, 4, 4, 4, 3, 3, 1, 2, 3, 4, 4, 2, 0, 3, 4, 1, 4, 2, 2, 4, 3, 3, 2, 4, 1, 1, 4, 1, 0, 4, 4, 2, 2, 4, 2, 0, 1, 4, 3, 0, 2, 4, 0, 3, 4, 2, 2, 0, 1, 0, 2, 4, 1, 3, 4, 4, 4, 1, 1, 3, 0, 0, 3, 0, 3, 1, 4, 4, 4, 0, 0, 3, 4, 4, 1, 0, 2, 0, 0, 0, 2, 3, 1, 4, 0, 4, 1, 3, 3, 3, 0, 3, 0, 3, 0, 2, 1, 2, 4, 0, 4, 2, 2, 0, 1, 0, 1, 1, 3, 3, 2, 4, 4, 3, 0, 0, 1, 3, 0, 2, 0, 0, 1, 0, 3, 0, 4, 0, 4, 0, 2, 1, 2, 3, 0, 2, 2, 4, 0, 2, 1, 2, 2, 1, 2, 2, 3, 0, 4, 2, 1, 3, 4, 2, 2, 1, 0, 1, 4, 1, 1, 1, 4, 0, 3, 2, 2, 2, 0, 3, 2, 2, 4, 2, 0, 4, 1, 0, 4, 2, 3, 0, 3, 1, 3, 0, 2, 2, 4, 4, 3, 1, 4, 3, 3, 4, 3, 2, 4, 3, 3, 3, 0, 3, 2, 3, 2, 3, 0, 0, 2, 3, 4, 2, 2, 2, 3, 3, 4, 2, 0, 2, 2, 1, 4, 4, 4, 3, 2, 3, 1, 1, 4, 1, 0, 3, 3, 4, 2, 2, 0, 4, 2, 1, 4, 0, 1, 0, 0, 0, 2, 1, 0, 1, 2, 1, 3, 3, 3, 2, 3, 3, 1, 0, 3, 1, 1, 0, 4, 0, 4, 3, 4, 1, 0, 4, 3, 1, 4, 0, 4, 2, 1, 1, 2, 0, 4, 3, 3, 4, 2, 2, 0, 1, 4, 3, 3, 0, 3, 2, 1, 0, 0, 4, 0, 3, 0, 0, 4, 3, 3, 2, 4, 1, 2, 4, 0, 3, 1, 4, 0, 1, 1, 3, 0, 4, 3, 0, 3, 0, 4, 2, 1, 0, 3, 1, 3, 1, 0, 0, 3, 3, 3, 4]

----------------------------TEST----------------------------


Epochs: 5                 | Train Loss:  0.001                 | Train Accuracy:  0.995                 | Val Loss:  0.002                 | Val Accuracy:  0.982






[[110   1   1   0   1]
 [  1  85   0   0   0]
 [  2   1  94   1   0]
 [  0   0   0 106   0]
 [  0   1   0   0 107]]
              precision    recall  f1-score   support

           0       0.97      0.97      0.97       113
           1       0.97      0.99      0.98        86
           2       0.99      0.96      0.97        98
           3       0.99      1.00      1.00       106
           4       0.99      0.99      0.99       108

    accuracy                           0.98       511
   macro avg       0.98      0.98      0.98       511
weighted avg       0.98      0.98      0.98       511

ground truth: [2, 1, 3, 2, 3, 4, 4, 0, 2, 0, 0, 0, 4, 1, 1, 0, 4, 1, 3, 0, 2, 3, 3, 1, 1, 2, 1, 0, 2, 3, 3, 0, 0, 2, 3, 3, 0, 2, 3, 2, 4, 4, 1, 4, 0, 3, 0, 3, 3, 3, 3, 3, 0, 4, 1, 0, 4, 4, 0, 1, 1, 1, 0, 0, 1, 3, 0, 2, 4, 0, 3, 2, 4, 2, 1, 0, 0, 4, 2, 3, 2, 4, 4, 1, 3, 2, 4, 4, 1, 1, 2, 0, 1, 0, 4, 2, 1, 1, 3, 3, 3, 0, 0, 0, 2, 0, 2, 4, 4, 1, 2, 1, 4, 3, 4, 0, 2, 2, 0, 1, 0, 3, 2, 4, 3, 0, 4, 2, 0, 4, 3, 0, 4, 2, 1, 4, 3, 4, 3, 4, 1, 4, 3, 3, 4, 4, 0, 2, 4, 2, 3, 0, 1, 4, 0, 2, 3, 2, 4, 1, 4, 0, 0, 0, 4, 1, 1, 1, 4, 4, 4, 3, 3, 1, 2, 3, 4, 4, 2, 0, 3, 4, 1, 4, 2, 2, 4, 3, 3, 2, 4, 1, 1, 4, 1, 0, 4, 4, 2, 2, 4, 2, 0, 1, 4, 3, 1, 2, 4, 0, 3, 4, 2, 2, 0, 1, 0, 2, 4, 1, 3, 4, 4, 4, 1, 1, 3, 0, 0, 3, 0, 3, 1, 0, 4, 4, 0, 0, 3, 4, 4, 1, 0, 2, 0, 0, 0, 2, 3, 1, 4, 0, 4, 0, 3, 3, 3, 0, 3, 0, 3, 0, 2, 1, 2, 4, 0, 4, 2, 2, 0, 1, 0, 1, 1, 3, 3, 2, 4, 4, 2, 0, 0, 1, 3, 0, 2, 0, 0, 1, 0, 3, 0, 4, 0, 4, 0, 2, 1, 2, 3, 0, 2, 2, 4, 0, 2, 1, 2, 2, 1, 2, 2, 3, 0, 4, 2, 1, 3, 4, 0, 2, 1, 0, 1, 4, 1, 1, 1, 4, 0, 3, 2, 2, 2, 0, 3, 2, 2, 4, 2, 0, 4, 1, 0, 4, 2, 3, 0, 3, 2, 3, 0, 2, 2, 4, 4, 3, 1, 4, 3, 3, 4, 3, 2, 4, 3, 3, 3, 0, 3, 2, 3, 2, 3, 0, 0, 2, 3, 4, 2, 2, 2, 3, 3, 4, 2, 0, 2, 2, 1, 4, 4, 4, 3, 2, 3, 1, 1, 4, 1, 0, 3, 3, 4, 2, 2, 0, 4, 2, 1, 4, 2, 1, 0, 0, 0, 2, 1, 0, 1, 2, 1, 3, 3, 3, 2, 3, 3, 1, 0, 3, 1, 1, 0, 4, 0, 4, 3, 4, 1, 0, 4, 3, 1, 4, 0, 4, 2, 1, 1, 2, 0, 4, 3, 3, 4, 2, 2, 0, 1, 4, 3, 3, 0, 3, 2, 1, 0, 0, 4, 0, 3, 0, 0, 4, 3, 3, 2, 4, 1, 2, 4, 0, 3, 1, 4, 0, 1, 1, 3, 0, 4, 3, 0, 3, 0, 4, 2, 1, 0, 3, 1, 3, 1, 0, 2, 3, 3, 3, 4]
prediction:   [2, 1, 3, 2, 3, 4, 4, 0, 2, 0, 0, 0, 4, 1, 1, 0, 1, 1, 3, 0, 2, 3, 3, 1, 1, 2, 1, 0, 2, 3, 3, 0, 0, 2, 3, 3, 0, 2, 3, 2, 4, 4, 1, 4, 0, 3, 0, 3, 3, 3, 3, 3, 0, 4, 1, 0, 4, 4, 0, 1, 1, 1, 0, 0, 1, 3, 0, 2, 4, 0, 3, 2, 4, 2, 1, 0, 0, 4, 2, 3, 2, 4, 4, 1, 3, 2, 4, 4, 1, 1, 2, 0, 1, 0, 4, 2, 1, 1, 3, 3, 3, 0, 0, 0, 2, 0, 2, 4, 4, 1, 2, 1, 4, 3, 4, 0, 2, 2, 0, 1, 0, 3, 2, 4, 3, 0, 4, 2, 0, 4, 3, 0, 4, 2, 1, 4, 3, 4, 3, 4, 1, 4, 3, 3, 4, 4, 0, 2, 4, 2, 3, 0, 1, 4, 0, 2, 3, 2, 4, 1, 4, 0, 0, 0, 4, 1, 1, 1, 4, 4, 4, 3, 3, 1, 2, 3, 4, 4, 2, 0, 3, 4, 1, 4, 2, 2, 4, 3, 3, 2, 4, 1, 1, 4, 1, 0, 4, 4, 2, 2, 4, 2, 0, 1, 4, 3, 0, 2, 4, 0, 3, 4, 2, 2, 0, 1, 0, 2, 4, 1, 3, 4, 4, 4, 1, 1, 3, 0, 0, 3, 0, 3, 1, 4, 4, 4, 0, 0, 3, 4, 4, 1, 0, 2, 0, 0, 0, 2, 3, 1, 4, 0, 4, 1, 3, 3, 3, 0, 3, 0, 3, 0, 2, 1, 2, 4, 0, 4, 2, 2, 0, 1, 0, 1, 1, 3, 3, 2, 4, 4, 3, 0, 0, 1, 3, 0, 2, 0, 0, 1, 0, 3, 0, 4, 0, 4, 0, 2, 1, 2, 3, 0, 2, 2, 4, 0, 2, 1, 2, 2, 1, 2, 2, 3, 0, 4, 2, 1, 3, 4, 2, 2, 1, 0, 1, 4, 1, 1, 1, 4, 0, 3, 2, 2, 2, 0, 3, 2, 2, 4, 2, 0, 4, 1, 0, 4, 2, 3, 0, 3, 1, 3, 0, 2, 2, 4, 4, 3, 1, 4, 3, 3, 4, 3, 2, 4, 3, 3, 3, 0, 3, 2, 3, 2, 3, 0, 0, 2, 3, 4, 2, 2, 2, 3, 3, 4, 2, 0, 2, 2, 1, 4, 4, 4, 3, 2, 3, 1, 1, 4, 1, 0, 3, 3, 4, 2, 2, 0, 4, 2, 1, 4, 0, 1, 0, 0, 0, 2, 1, 0, 1, 2, 1, 3, 3, 3, 2, 3, 3, 1, 0, 3, 1, 1, 0, 4, 0, 4, 3, 4, 1, 0, 4, 3, 1, 4, 0, 4, 2, 1, 1, 2, 0, 4, 3, 3, 4, 2, 2, 0, 1, 4, 3, 3, 0, 3, 2, 1, 0, 0, 4, 0, 3, 0, 0, 4, 3, 3, 2, 4, 1, 2, 4, 0, 3, 1, 4, 0, 1, 1, 3, 0, 4, 3, 0, 3, 0, 4, 2, 1, 0, 3, 1, 3, 1, 0, 0, 3, 3, 3, 4]
Test Accuracy:  0.982